100 100
16 28 52 21 93 13 83 73 13 21 26 76 29 50 63 45 48 36 40 17 65 20 73 87 83 87 27 13 78 58 30 22 66 43 98 99 74 33 2 95 33 81 3 89 4 64 23 42 3 79 22 56 18 35 100 33 72 36 15 54 1 2 99 97 47 59 68 11 85 72 92 68 18 49 92 64 43 60 76 11 25 17 1 92 26 53 3 78 82 7 30 11 78 81 72 82 0 62 49 43 
29 0 88 30 16 73 58 70 4 49 63 55 96 44 42 92 24 37 54 78 32 93 29 93 69 82 32 15 62 47 51 3 57 82 44 27 62 50 11 95 17 0 60 15 41 13 40 97 35 45 51 70 9 78 58 69 97 49 44 81 51 76 4 8 58 56 27 30 11 79 79 2 67 49 57 34 74 95 72 48 53 33 4 61 61 74 55 86 91 53 65 51 85 75 23 18 58 53 74 93 
93 27 17 71 20 90 2 85 10 96 94 98 21 83 95 77 13 74 12 85 35 79 83 56 12 52 45 26 25 41 97 51 72 43 46 39 74 69 41 61 7 61 93 48 98 9 77 17 99 87 14 32 8 56 75 78 18 18 57 57 80 4 71 48 23 53 56 98 86 70 17 66 16 23 87 18 93 93 71 95 5 67 54 28 13 67 2 28 96 68 89 38 8 47 47 65 46 26 58 29 
75 89 56 69 98 65 70 4 33 88 14 56 82 54 30 50 58 77 17 11 82 27 59 9 64 17 54 92 21 79 13 91 78 20 80 32 53 64 94 55 100 36 76 61 88 53 94 2 98 37 68 23 5 85 66 56 42 97 68 36 23 78 22 91 22 33 52 53 65 76 34 51 85 42 7 75 38 96 3 54 72 88 90 40 52 40 59 20 27 26 100 42 72 47 41 66 86 82 24 100 
59 7 40 33 10 79 71 79 95 75 31 80 79 3 83 2 91 89 62 43 76 91 64 28 12 1 39 4 23 57 61 40 74 77 36 34 45 59 20 18 63 71 58 5 41 8 34 46 20 25 89 72 92 18 22 29 31 72 98 21 14 59 33 76 30 48 19 82 98 80 25 98 92 54 14 43 8 96 51 85 4 74 50 16 23 85 63 55 76 93 22 43 70 60 33 29 88 48 33 25 
69 2 95 6 5 79 91 87 73 48 97 12 47 56 17 66 2 8 87 67 75 36 60 73 19 99 90 6 43 99 46 43 85 44 45 58 43 32 38 34 29 23 39 11 69 85 83 13 78 49 96 62 8 94 49 77 100 6 56 93 97 46 75 29 78 46 19 21 99 26 99 71 16 53 73 91 33 58 78 28 75 1 6 34 50 65 87 7 92 2 1 77 50 49 67 36 41 73 29 16 
52 3 87 36 49 95 59 56 82 73 91 58 6 76 55 82 55 37 41 5 10 60 85 10 69 91 41 5 72 42 56 88 17 3 100 31 29 35 3 82 32 67 81 73 13 1 29 66 59 20 4 14 29 73 82 99 22 58 29 39 57 59 98 27 23 87 94 18 44 55 6 12 97 34 30 58 7 44 27 40 66 32 47 59 75 83 48 37 14 64 65 75 28 10 91 19 93 22 47 96 
42 16 71 88 6 73 9 9 70 21 73 5 22 15 3 95 34 33 85 69 12 40 16 92 69 88 68 60 5 84 15 87 84 20 7 38 93 76 28 40 63 26 74 28 27 73 74 85 85 75 75 98 42 63 6 30 21 66 58 86 45 28 19 39 90 63 92 67 62 4 3 15 42 58 88 65 75 10 73 21 45 36 47 56 96 24 32 1 23 82 51 21 34 99 71 2 24 86 6 71 
13 44 30 64 94 38 5 21 74 100 61 75 94 15 17 30 44 92 43 10 91 18 34 33 49 27 80 19 19 73 12 50 44 38 100 81 44 42 100 48 85 99 16 49 4 73 58 87 22 24 14 17 24 59 93 35 74 29 50 98 8 78 56 73 98 39 53 9 28 0 77 84 57 92 86 80 7 34 71 69 8 53 36 50 39 80 26 16 1 55 79 96 0 10 7 7 47 92 66 34 
48 39 2 62 15 5 48 88 15 61 8 31 68 74 72 72 23 91 98 88 86 79 3 37 64 1 93 25 10 82 58 22 12 56 2 23 78 27 59 67 7 67 33 99 82 93 34 100 85 91 1 19 35 86 72 42 18 3 37 51 70 64 35 25 29 57 72 28 51 65 38 30 93 78 92 3 23 58 80 14 59 87 97 81 90 89 11 72 70 5 37 41 89 83 4 17 51 84 98 96 
87 100 49 33 66 74 75 97 72 43 54 83 79 53 32 45 58 43 45 33 13 20 61 71 52 39 44 3 44 76 4 94 39 30 59 56 86 29 5 54 16 81 85 11 97 66 68 77 75 77 57 63 8 85 93 41 18 80 90 86 28 68 88 19 84 47 4 42 1 14 52 87 76 43 41 81 19 9 55 53 50 81 30 28 38 74 41 22 31 47 39 19 16 32 64 48 92 70 61 47 
42 31 51 86 62 4 70 21 4 55 1 12 98 1 80 51 0 88 51 29 8 62 83 46 13 1 16 9 60 64 24 13 25 50 10 98 31 15 37 92 81 44 41 58 40 92 22 61 20 13 7 46 82 100 8 65 35 44 17 25 55 2 13 94 61 87 76 51 3 24 29 68 53 1 45 60 69 85 36 4 95 90 45 82 65 9 27 50 52 98 9 29 98 39 53 98 25 61 57 48 
1 5 68 18 60 56 60 40 52 57 45 67 58 11 82 83 22 9 74 49 89 1 75 13 38 69 5 11 77 95 43 28 51 10 68 94 54 81 35 85 9 43 50 19 75 26 60 44 4 73 93 3 6 93 99 14 40 65 99 5 74 51 36 31 48 63 30 86 62 95 31 33 54 22 84 11 86 86 7 8 77 13 62 99 26 12 95 92 33 79 100 67 80 97 43 10 64 9 20 98 
7 32 78 7 37 14 30 87 21 51 20 73 17 21 97 59 13 62 86 91 19 6 34 57 100 82 39 93 40 81 7 65 71 24 5 32 22 19 18 66 50 75 77 20 14 53 9 54 11 56 51 38 6 9 23 87 43 67 85 9 70 78 12 60 42 68 53 32 48 2 57 5 84 38 26 23 49 22 57 34 24 29 97 66 35 26 64 39 98 29 84 8 53 44 4 49 79 61 18 28 
8 26 15 64 77 16 70 39 28 20 88 36 63 61 1 52 29 17 87 63 58 20 58 52 26 48 98 74 9 49 88 97 60 32 30 74 36 0 56 78 11 77 73 99 87 42 9 97 50 3 99 29 74 36 25 43 16 90 21 25 85 66 2 55 55 99 91 41 38 88 64 37 80 94 36 68 16 95 78 97 90 67 8 28 77 9 54 44 33 66 28 60 50 19 57 15 58 75 6 93 
21 77 50 30 53 5 84 80 51 86 52 34 98 24 30 90 75 99 22 4 11 59 52 14 72 98 100 35 18 100 93 53 67 15 3 83 3 59 90 7 90 95 92 20 27 61 29 46 41 94 95 32 29 17 22 62 21 15 29 86 20 77 6 68 45 34 7 14 89 79 29 38 0 96 41 11 32 70 35 90 28 23 75 77 49 60 74 12 24 81 17 47 56 82 35 36 97 7 33 61 
4 13 58 89 18 93 3 86 10 56 98 69 84 13 61 69 56 74 25 1 35 17 20 92 31 48 49 42 14 69 56 1 5 48 43 98 11 71 94 29 56 69 32 0 99 50 21 70 8 99 39 92 78 1 33 27 25 99 76 51 14 11 12 80 95 23 30 30 64 60 15 38 15 68 84 78 99 96 67 6 95 49 98 99 61 61 82 88 47 56 8 64 29 6 54 4 44 15 8 2 
0 63 37 53 100 97 15 35 24 1 38 26 84 75 20 97 10 7 56 19 20 47 52 51 55 38 32 59 14 53 58 8 54 16 63 17 14 42 26 14 53 10 59 21 43 55 12 84 76 88 97 45 20 25 52 34 2 100 32 31 15 82 65 77 17 30 43 42 19 45 8 13 62 37 4 6 60 6 86 88 75 43 33 30 43 64 51 58 29 42 85 85 90 80 9 46 93 13 41 63 
27 32 86 68 74 17 58 65 60 73 17 44 24 25 16 68 55 56 34 48 51 16 53 90 25 37 9 38 54 45 88 20 19 93 52 3 19 63 16 14 94 89 98 2 97 15 97 83 91 58 54 51 82 63 29 49 87 37 13 82 45 82 69 58 4 73 60 73 93 38 93 20 38 99 88 53 80 33 43 23 89 2 93 54 87 69 56 63 37 52 63 78 32 30 29 92 35 86 80 11 
30 45 3 100 88 54 34 75 94 46 46 24 61 83 22 66 14 68 40 55 7 38 79 31 37 36 51 6 34 85 19 64 17 26 26 67 81 30 31 96 91 68 32 19 1 83 71 88 86 85 33 51 97 96 29 50 93 21 12 87 36 35 89 44 76 59 74 74 55 97 79 80 53 74 68 85 58 95 46 52 17 56 44 63 62 37 36 26 60 71 33 42 92 22 20 68 5 28 15 71 
48 18 59 78 80 73 30 30 22 5 31 89 83 9 52 18 92 66 54 75 1 41 31 15 84 79 100 12 1 3 69 12 53 9 94 47 64 5 98 17 66 90 65 18 17 34 54 83 28 49 88 32 8 59 79 60 79 14 65 77 98 40 51 89 73 97 8 92 87 52 30 25 49 70 30 35 45 46 77 16 43 43 69 19 1 91 30 72 71 66 76 36 31 98 91 71 76 66 43 70 
25 28 79 84 83 32 11 84 56 64 13 32 95 41 96 97 33 20 58 0 19 3 55 15 90 4 8 6 20 35 47 28 14 42 98 55 79 22 32 99 75 79 31 85 79 72 87 17 66 88 5 2 66 97 16 45 81 38 98 91 46 38 55 2 33 52 1 43 11 95 60 38 49 29 20 91 25 51 52 63 57 96 14 81 39 56 39 48 36 38 18 48 94 9 65 89 82 32 33 81 
14 83 87 65 48 6 73 63 37 20 38 51 100 82 5 75 31 85 69 43 84 46 21 18 16 70 1 48 7 21 40 74 9 84 33 23 88 10 58 85 53 85 30 59 94 62 15 96 57 66 33 93 67 86 61 64 47 24 32 11 97 41 51 65 58 49 47 27 20 60 6 87 25 51 92 96 75 39 38 92 17 76 28 1 64 33 96 14 27 32 97 64 10 6 59 19 23 10 51 18 
44 30 29 33 60 17 29 84 96 87 12 96 85 28 58 53 83 86 52 45 96 96 47 74 39 81 72 63 92 79 62 29 90 38 20 88 46 95 52 74 94 35 89 100 32 29 6 3 49 76 96 49 34 29 37 2 48 54 94 58 84 14 63 50 62 28 13 65 79 61 96 74 65 88 15 53 9 89 41 64 7 98 84 56 8 61 58 60 7 31 82 82 53 15 10 18 98 44 16 28 
50 67 88 17 90 21 39 40 93 45 85 22 45 51 97 20 89 96 71 10 52 72 37 88 91 74 29 8 84 14 21 89 28 89 3 78 15 30 43 71 42 19 67 58 68 24 14 37 62 23 70 10 17 31 97 15 86 58 37 28 44 90 30 94 31 97 3 92 13 57 33 8 59 91 51 90 48 54 19 95 61 23 61 74 64 65 36 25 41 52 95 41 72 30 15 91 56 15 76 45 
18 68 46 6 97 88 54 83 20 7 22 39 65 25 49 98 74 94 48 53 15 15 42 2 14 81 28 36 75 32 73 70 16 94 22 58 56 97 94 40 30 56 5 5 10 94 91 32 77 76 44 24 84 11 56 84 36 29 67 84 74 72 67 22 0 27 13 59 5 34 20 88 84 1 61 52 87 24 24 34 24 30 34 0 35 89 38 25 98 36 12 31 53 29 3 73 17 77 24 99 
87 74 37 35 55 24 65 9 32 68 93 69 42 2 94 35 73 78 66 50 42 77 30 39 82 53 60 7 93 53 21 93 58 56 93 8 59 74 65 93 89 73 67 16 86 50 45 12 79 77 61 76 71 46 68 37 23 1 54 29 24 58 40 74 71 4 87 11 3 44 43 97 62 49 51 61 97 63 83 51 29 27 94 72 93 3 35 79 82 41 36 84 100 18 46 50 34 29 1 64 
48 93 58 51 39 61 93 93 80 23 3 52 60 57 82 94 67 26 35 31 0 64 57 67 2 99 57 37 33 64 24 17 61 33 1 53 61 92 76 67 90 69 67 14 30 79 94 42 50 91 90 47 62 94 60 49 32 90 14 25 88 93 2 58 82 6 88 31 64 15 9 87 26 66 71 2 73 49 23 27 68 3 1 4 46 56 18 14 1 73 44 61 72 1 41 22 46 36 40 71 
54 43 25 16 56 96 10 85 99 54 69 21 27 88 30 11 81 55 16 67 71 36 23 100 0 33 73 88 35 3 8 54 10 14 42 35 51 56 64 100 38 6 49 90 25 81 6 27 85 50 73 52 10 92 2 9 0 39 57 37 69 25 24 11 68 84 97 36 52 21 54 54 80 83 4 90 5 79 52 86 61 7 67 51 70 2 28 53 24 21 80 56 35 7 37 73 98 59 4 54 
86 59 93 12 94 80 57 45 24 6 20 11 30 69 16 54 57 12 100 96 76 18 69 94 13 21 74 55 24 44 62 67 49 44 61 80 64 98 5 80 100 52 47 18 69 96 14 42 90 41 82 31 24 66 65 6 68 85 45 12 35 4 49 72 93 73 12 56 37 76 59 0 74 81 10 33 17 84 59 18 29 7 19 100 68 81 98 46 32 16 23 50 51 18 37 53 17 8 54 35 
45 37 97 46 4 45 12 1 12 57 23 71 93 82 31 59 71 70 36 59 86 90 48 4 21 36 22 30 24 88 35 88 91 12 98 35 51 50 82 61 63 24 64 11 84 18 83 42 26 92 50 52 45 64 29 7 77 86 53 49 2 17 6 2 2 14 27 96 40 26 0 83 54 7 6 22 53 56 47 34 66 84 24 3 17 3 34 17 83 33 22 73 18 54 16 91 72 43 11 97 
52 97 85 84 13 75 81 79 64 92 21 86 51 84 77 41 15 15 3 8 16 33 38 23 100 25 64 48 41 46 71 50 61 80 7 81 12 94 53 23 65 79 34 94 13 44 34 58 37 14 84 52 61 81 95 91 51 88 3 19 19 52 33 84 60 63 47 85 25 52 82 36 82 82 51 58 44 84 29 4 45 74 79 27 35 45 9 80 49 66 0 62 48 81 3 27 12 76 37 82 
3 12 61 7 64 84 59 33 40 10 22 64 18 98 15 63 39 64 50 25 48 94 37 53 17 5 34 72 73 79 95 8 63 39 5 92 4 20 86 50 40 34 17 57 68 24 94 4 44 3 19 62 15 82 6 78 25 74 14 70 8 12 58 87 12 82 22 90 18 16 31 80 21 42 40 69 71 0 38 40 0 98 3 27 49 15 23 82 3 2 36 36 75 55 36 27 45 76 7 39 
51 23 98 42 4 92 87 57 97 88 12 20 93 85 74 39 54 54 45 94 71 9 95 28 73 99 44 33 88 56 88 95 17 18 83 20 95 12 54 48 88 13 99 2 65 32 14 14 89 96 26 1 43 63 80 75 95 47 22 60 51 42 56 31 30 11 75 36 16 22 74 28 77 51 58 97 79 33 76 49 64 39 9 76 44 100 59 54 32 75 61 53 33 67 25 65 57 82 57 39 
2 45 15 68 24 12 30 94 99 12 25 17 3 66 41 24 4 71 74 39 26 66 72 89 5 6 95 46 12 59 94 99 98 34 74 95 50 16 57 56 47 7 7 58 57 48 77 92 40 64 41 67 73 17 55 19 2 50 79 17 49 39 84 44 27 100 73 48 5 26 60 43 31 98 42 87 4 100 100 33 46 34 30 18 87 52 70 65 46 25 21 37 62 28 48 67 53 65 28 8 
8 0 8 52 42 26 100 67 64 81 98 88 15 50 8 13 16 41 20 29 63 88 50 92 84 49 25 79 82 42 83 39 53 79 22 46 26 32 61 71 98 49 27 53 94 54 25 48 82 12 56 7 84 72 2 36 33 82 53 77 65 38 88 61 51 39 25 67 21 16 6 18 58 85 46 28 37 70 29 61 86 70 49 78 72 47 2 71 50 85 88 55 70 93 89 27 75 6 81 48 
97 18 86 9 4 70 47 80 11 38 15 97 37 56 71 85 68 70 58 96 32 24 17 49 83 66 36 73 81 85 90 81 58 63 50 81 1 22 55 69 12 12 24 42 3 30 39 71 50 19 64 32 70 66 14 36 8 45 98 14 15 19 85 93 96 43 67 91 5 59 33 22 18 66 41 67 98 55 74 57 62 92 26 66 75 95 26 2 76 82 73 42 36 11 16 44 10 92 86 24 
70 6 59 76 24 64 26 58 50 70 12 84 64 53 60 30 24 54 58 70 82 48 68 1 50 51 73 31 35 31 55 27 55 7 54 6 95 34 82 64 37 30 85 84 61 93 12 87 54 89 37 49 13 16 34 10 1 1 88 45 21 68 33 18 84 70 1 60 23 1 83 84 12 78 40 27 11 93 32 61 63 25 66 8 40 10 45 9 72 37 50 89 99 49 37 56 11 99 16 74 
89 64 65 32 11 70 17 0 56 1 90 43 81 30 13 58 31 67 23 89 80 61 17 62 83 81 75 40 5 86 57 11 82 44 78 6 16 27 7 26 84 80 23 21 83 14 61 66 63 7 63 85 23 96 85 60 91 6 61 77 8 40 64 11 29 72 0 85 26 19 73 6 90 92 73 43 41 32 56 20 93 7 5 93 2 89 18 30 16 58 58 14 1 90 47 83 24 88 41 25 
24 76 59 52 75 32 99 47 49 65 82 61 35 4 27 62 30 73 35 9 16 73 57 48 3 52 53 65 75 92 81 100 87 1 60 96 56 35 63 96 66 81 36 51 45 28 24 16 98 65 17 62 78 24 31 92 34 68 91 83 5 21 43 11 75 8 41 64 43 20 17 2 13 82 66 48 33 69 25 69 41 81 58 68 55 12 11 25 93 87 17 38 77 29 68 1 87 53 73 69 
85 61 76 88 93 100 9 90 10 49 38 28 30 9 100 16 20 38 28 62 74 79 87 14 26 85 54 84 28 63 60 65 13 52 83 83 96 54 10 3 43 52 31 51 42 67 51 60 69 15 72 53 43 14 40 70 55 15 19 91 40 59 48 79 24 3 81 27 31 26 86 42 50 60 41 87 33 32 64 50 1 15 56 32 99 96 73 9 78 43 41 3 93 42 37 17 95 61 61 82 
54 15 34 54 74 95 20 96 58 60 69 56 11 76 1 18 15 25 35 55 18 53 65 29 24 24 12 98 20 62 8 94 66 63 64 10 19 42 72 20 100 69 39 44 44 28 48 11 75 76 62 99 15 59 43 45 87 27 1 83 74 91 31 78 37 85 11 20 79 84 69 84 83 77 74 14 73 55 44 38 88 14 20 76 89 15 75 55 7 33 50 75 85 4 4 85 53 21 40 35 
14 98 92 64 43 39 65 10 39 74 18 31 89 27 93 85 25 59 3 18 96 99 82 69 29 70 44 92 58 45 57 95 72 93 8 41 61 66 33 21 67 30 76 1 11 84 78 12 16 51 71 35 2 33 15 54 61 85 56 60 15 61 19 45 39 95 88 74 28 22 19 93 66 68 5 11 89 84 29 64 51 85 16 38 68 32 91 27 19 50 76 42 1 55 46 85 98 40 84 4 
60 92 80 17 19 9 62 3 75 94 86 5 68 87 39 62 85 66 30 42 19 90 9 96 16 9 18 65 56 27 39 88 44 47 3 76 68 77 25 61 99 97 10 1 1 54 37 97 56 77 37 65 26 7 77 39 93 30 6 24 10 53 4 59 90 51 0 16 22 54 64 98 3 80 23 100 52 95 3 32 42 28 32 24 35 7 91 19 66 99 17 70 17 27 81 33 95 21 82 27 
11 19 15 6 6 67 30 18 93 90 34 72 55 42 44 9 23 34 76 19 74 64 27 50 87 75 52 51 25 37 46 31 53 75 85 53 70 49 53 73 14 3 49 92 71 96 36 58 5 63 94 47 74 50 97 93 6 99 24 78 67 3 96 86 79 36 19 84 10 60 44 98 22 28 56 86 3 71 21 73 52 92 35 63 10 75 85 11 34 93 19 33 26 57 23 94 37 86 24 57 
65 67 70 34 71 18 93 18 70 19 65 53 43 52 58 43 49 82 74 27 45 93 99 93 23 1 62 82 7 4 41 88 64 24 33 53 23 75 78 42 64 85 22 90 64 51 27 20 74 41 44 100 31 90 9 10 21 16 84 54 75 31 56 39 19 65 97 58 71 16 15 64 59 60 45 42 34 95 39 40 83 76 1 1 25 5 72 77 6 39 63 6 83 67 73 70 46 44 6 46 
35 65 33 61 83 37 70 33 87 75 99 79 83 87 6 49 83 13 76 85 64 39 58 4 41 23 52 18 69 2 7 6 57 39 57 5 6 76 67 32 24 60 83 4 96 56 38 32 62 53 48 49 8 55 0 60 7 58 43 17 48 97 7 95 47 67 13 28 98 90 52 11 82 96 91 48 98 47 56 30 82 2 26 98 92 85 33 88 88 84 15 6 73 22 41 95 43 18 52 8 
36 11 60 53 68 90 32 89 44 86 70 83 29 32 29 42 25 64 64 91 41 1 3 91 85 50 11 79 17 77 15 5 39 71 41 90 82 73 62 84 80 69 77 18 72 7 10 60 68 92 53 72 11 46 16 0 31 9 100 98 53 79 99 45 6 41 26 56 25 27 71 44 5 13 19 38 95 56 0 35 99 76 25 16 80 100 99 6 51 16 89 49 43 73 13 97 2 54 90 69 
19 5 18 44 38 74 48 83 86 6 50 93 87 43 20 31 93 31 32 24 56 69 99 99 3 63 1 93 88 16 55 62 34 72 39 96 15 29 87 77 85 54 77 2 12 65 88 32 73 10 82 45 81 94 81 69 15 18 76 11 96 10 12 60 22 56 72 63 59 45 23 72 77 3 79 61 1 86 4 23 43 6 79 85 53 20 83 100 35 65 54 16 100 22 30 89 86 35 88 98 
46 38 63 11 56 96 22 78 47 84 10 83 12 43 95 9 29 6 76 66 99 25 38 9 33 53 22 51 64 27 89 0 16 27 34 64 68 25 35 31 48 86 91 61 73 91 25 45 10 73 53 33 75 26 49 6 91 99 97 86 54 83 30 83 80 94 92 90 10 41 87 38 76 79 12 91 54 48 33 74 48 77 44 1 2 14 94 93 50 65 28 77 54 63 52 44 55 20 79 32 
21 53 95 1 15 22 0 35 18 53 40 90 75 43 57 65 49 60 9 89 33 81 62 86 41 25 6 60 65 52 31 78 56 58 90 53 45 24 64 51 51 5 98 5 79 36 34 98 31 2 34 58 36 26 12 30 34 80 5 8 84 4 6 78 88 2 19 44 68 58 76 19 41 90 96 9 3 33 86 89 97 38 11 33 40 65 63 22 85 3 13 54 17 30 60 48 55 61 98 8 
49 15 94 72 70 23 47 68 40 97 35 3 66 96 6 11 0 74 11 14 42 61 62 30 18 55 35 94 49 24 51 42 72 53 34 44 37 35 100 36 34 93 92 46 9 71 61 63 63 20 30 54 75 23 17 81 73 21 35 39 10 71 26 51 45 38 84 43 1 30 85 93 94 77 2 76 21 36 47 6 3 88 85 9 80 46 5 0 55 81 90 94 66 84 88 16 60 21 81 80 
84 4 63 36 96 61 30 38 79 30 7 40 72 31 9 88 36 35 12 99 100 10 47 63 64 82 74 18 33 44 89 65 15 89 37 23 35 82 99 35 57 82 77 39 48 88 12 54 33 14 66 26 83 6 4 96 98 67 69 53 79 73 20 24 44 43 19 75 59 14 86 22 57 41 60 61 100 40 22 76 44 75 41 12 54 67 46 92 86 31 71 59 66 96 8 96 91 93 4 26 
14 27 48 1 15 0 0 43 39 10 37 48 72 93 47 13 43 70 81 96 39 57 57 54 42 91 28 63 25 48 47 5 70 86 49 3 40 54 36 12 24 84 19 81 2 55 7 95 91 87 66 86 28 86 81 54 88 38 3 40 83 58 78 53 84 94 12 99 39 64 8 21 60 56 1 39 28 76 12 31 58 23 7 12 56 92 6 39 55 5 90 50 81 86 27 5 88 28 49 78 
14 80 80 36 83 55 83 42 47 53 71 96 77 39 29 2 64 36 28 81 50 49 55 23 17 27 79 69 79 87 28 59 66 4 20 76 36 12 89 73 18 28 72 8 45 61 3 84 17 17 7 2 60 44 5 82 74 47 19 8 93 46 3 79 78 69 74 96 60 83 85 95 18 21 65 10 95 71 33 75 55 54 19 63 95 92 9 1 11 91 96 15 87 33 30 1 8 96 69 68 
78 30 100 92 46 16 60 57 40 31 66 92 23 56 69 73 82 79 14 61 2 91 58 74 75 88 53 90 91 62 52 23 33 96 10 8 7 39 24 69 97 70 96 29 33 77 47 98 31 41 86 97 53 90 90 94 30 88 63 46 18 95 19 27 58 83 16 93 79 43 32 63 65 50 95 50 4 18 36 5 90 50 25 45 72 82 2 17 16 14 99 92 76 76 53 26 63 47 100 45 
38 71 12 83 36 100 39 98 22 53 54 70 88 50 0 36 0 22 40 74 35 95 25 18 60 61 77 23 48 98 27 100 65 54 83 16 100 6 46 91 62 25 7 44 56 37 33 89 25 28 90 55 82 50 31 10 0 97 32 72 93 84 70 21 73 83 73 14 18 68 67 44 82 41 12 38 91 79 95 34 70 47 59 70 35 89 89 2 16 77 1 45 1 89 77 13 23 80 95 40 
74 78 42 69 27 36 1 56 80 97 92 76 80 72 16 58 76 14 7 32 76 77 89 51 17 72 89 79 26 25 4 37 60 52 49 32 28 73 5 32 17 40 29 5 22 43 6 73 10 1 46 67 39 93 29 0 96 33 82 9 23 65 78 8 16 87 84 61 30 29 86 57 66 44 1 11 77 15 28 5 7 27 20 94 26 43 6 86 78 26 98 82 22 3 99 43 71 67 89 93 
13 12 67 57 94 82 60 70 24 55 81 90 44 66 37 21 21 45 52 29 84 41 7 88 69 60 53 74 25 29 44 59 100 86 8 19 63 57 45 28 6 72 75 22 73 26 19 91 65 28 62 81 52 3 18 90 41 49 15 82 34 26 20 15 85 30 95 46 26 88 74 88 74 72 36 36 54 11 77 91 99 46 11 16 17 88 99 63 75 73 1 30 65 48 28 88 25 63 6 58 
43 48 24 43 13 88 86 70 14 12 67 24 25 74 5 2 97 7 21 79 38 66 20 5 68 49 36 44 44 52 94 62 33 78 98 45 31 65 1 15 16 84 7 11 45 93 6 63 43 98 67 26 81 34 90 3 55 72 30 28 16 1 89 73 33 87 10 97 100 72 67 24 15 20 60 85 81 20 40 75 59 19 59 36 60 53 28 84 28 8 54 42 6 18 21 46 40 46 81 31 
65 56 4 26 10 93 86 45 77 50 19 4 1 28 29 1 7 30 1 20 57 21 34 71 10 56 0 15 6 3 81 17 66 0 7 11 99 11 24 87 61 2 50 9 27 46 94 54 21 83 13 46 72 29 71 59 85 89 37 100 48 6 33 48 15 77 88 95 2 62 65 93 61 23 77 53 37 6 38 15 25 19 24 37 11 8 76 48 54 96 52 77 18 63 12 38 50 17 63 7 
5 50 80 45 30 53 18 20 31 16 54 3 29 98 54 100 61 44 56 6 94 38 36 55 1 2 100 41 58 52 45 96 76 81 43 85 93 64 15 97 41 32 90 85 48 70 8 28 74 44 14 88 99 69 91 72 71 19 78 3 27 56 42 26 27 45 28 73 73 11 99 86 17 22 12 14 44 84 18 78 96 83 74 17 73 13 81 4 11 31 85 82 20 97 44 90 96 88 90 84 
60 29 63 91 15 91 71 14 30 67 47 91 12 22 17 8 96 12 13 77 26 48 67 1 50 71 59 49 34 17 3 38 83 92 66 99 45 15 67 59 37 21 63 68 98 97 43 93 66 9 77 80 40 98 84 94 98 42 78 63 73 61 87 20 47 83 0 81 20 83 76 41 72 44 7 69 28 31 84 14 13 95 79 20 38 74 26 86 5 18 17 72 70 8 94 66 6 49 7 71 
44 7 8 4 14 84 98 14 10 72 30 34 55 92 60 1 97 79 94 96 59 70 32 57 3 61 25 70 100 67 92 60 47 5 93 80 53 79 2 77 81 33 20 15 22 79 18 14 33 46 83 74 52 33 51 45 69 38 64 26 16 94 0 99 34 78 4 11 1 14 37 58 37 4 54 59 15 54 19 78 18 19 2 79 76 28 4 65 68 30 22 12 92 16 20 38 81 53 86 45 
50 39 25 77 80 25 82 94 11 0 93 42 28 61 99 79 94 29 41 36 68 25 54 29 70 34 74 85 64 53 78 29 59 22 13 4 100 19 95 26 30 53 2 74 54 80 23 89 55 41 53 41 96 56 53 15 57 94 76 52 66 74 76 7 66 88 5 65 13 29 6 81 84 51 76 15 19 18 100 21 50 91 37 85 79 88 54 29 36 88 12 10 39 79 51 23 58 9 90 28 
24 73 86 67 8 12 54 60 45 68 82 31 73 46 45 100 86 46 26 44 24 30 33 53 82 84 81 46 26 1 38 10 58 100 63 23 67 87 50 50 84 15 60 42 45 14 90 98 98 54 40 97 24 53 49 88 9 23 12 51 15 41 89 99 63 74 71 25 49 1 1 11 41 33 19 50 63 39 27 10 36 48 14 91 70 47 5 51 46 18 23 37 22 23 42 86 63 4 1 22 
67 13 87 96 44 95 47 84 67 33 24 74 47 15 13 68 36 70 64 30 57 13 86 65 89 53 10 52 28 78 1 85 21 23 36 15 92 76 73 62 79 26 47 94 8 82 52 23 54 1 41 20 71 46 42 25 92 66 68 2 48 94 71 29 6 63 16 59 95 76 32 4 85 8 80 95 1 4 50 21 77 17 67 26 6 26 4 73 30 45 66 80 66 90 76 34 38 15 34 65 
47 13 73 20 62 55 20 6 84 83 33 86 21 100 50 37 50 68 54 40 76 61 13 90 24 11 67 53 91 71 49 32 79 10 11 35 97 93 23 57 84 44 44 4 71 97 35 85 40 77 51 43 19 14 55 70 30 25 95 58 21 73 77 33 27 43 43 11 67 19 92 46 10 23 87 30 12 72 17 85 87 8 48 97 10 81 74 100 1 53 5 38 29 85 6 81 54 20 73 30 
82 6 23 45 79 34 53 18 45 79 8 84 78 77 0 41 0 13 54 38 84 43 48 73 20 35 3 30 83 25 77 92 11 38 90 25 53 32 62 99 35 81 53 72 73 77 55 43 86 38 88 16 48 55 25 62 56 60 36 45 36 85 55 31 41 36 33 63 46 25 47 55 74 88 35 13 93 94 10 30 91 47 15 0 44 16 6 49 67 86 98 59 15 30 84 59 54 49 95 4 
76 86 19 2 77 19 56 46 56 16 88 69 88 28 77 80 45 61 24 45 6 90 21 4 87 32 2 27 76 74 15 72 85 28 41 5 48 17 22 53 86 96 79 43 95 41 13 78 98 15 47 38 45 53 86 5 60 67 82 39 57 10 32 13 68 43 41 26 100 53 52 33 97 99 19 95 48 55 25 2 25 62 21 99 49 74 1 86 56 82 66 91 25 63 28 40 89 66 55 15 
69 6 66 75 69 27 71 83 74 4 77 60 96 85 11 35 90 44 33 45 8 0 73 5 4 98 99 68 20 22 36 2 81 69 17 17 82 16 17 26 38 25 65 15 14 42 3 9 62 98 8 18 62 24 98 39 90 41 22 90 64 62 74 83 76 95 21 68 3 43 1 27 31 97 55 45 75 50 27 66 47 76 51 75 77 42 32 43 40 17 50 68 100 40 24 97 11 48 10 11 
44 89 54 59 63 93 92 93 20 31 17 1 90 59 37 30 40 8 75 98 19 34 51 86 5 33 17 53 48 26 94 99 41 100 76 38 32 77 1 100 49 7 34 64 57 92 37 98 60 52 7 95 84 18 21 87 52 13 82 96 26 62 47 95 9 15 92 77 4 62 22 41 50 99 86 47 75 6 79 72 9 44 64 70 98 40 8 10 17 78 22 90 70 69 82 56 43 25 35 30 
80 83 75 93 98 57 66 44 34 26 11 73 76 40 42 5 67 27 46 78 41 9 49 85 63 76 91 65 51 3 38 32 22 17 54 43 61 26 78 77 50 92 94 30 85 31 40 53 99 48 15 57 53 73 27 75 51 83 51 74 24 13 34 64 54 52 21 78 30 56 63 22 56 98 51 19 20 46 36 89 12 1 66 69 6 3 12 3 88 17 42 60 8 65 28 84 53 12 31 14 
96 29 87 20 40 1 63 50 38 44 49 59 79 35 34 36 71 72 30 100 83 35 91 17 85 84 6 90 16 93 95 42 92 52 33 53 17 92 87 9 83 42 12 64 86 62 52 96 56 49 82 31 17 32 74 98 96 99 26 6 22 11 61 15 94 98 49 45 20 12 7 64 37 88 68 54 21 41 67 39 23 44 33 41 76 6 97 15 49 97 80 75 80 33 41 74 12 78 49 8 
46 26 1 4 14 56 80 31 45 40 35 14 90 71 61 56 99 49 18 10 71 23 98 85 22 78 72 3 29 84 89 86 86 77 3 35 48 7 32 69 18 36 25 16 51 82 11 74 81 50 94 79 12 96 26 10 16 3 75 83 45 74 4 82 18 100 90 20 26 19 18 62 57 15 93 18 27 24 75 92 85 35 27 51 11 39 75 84 92 80 91 17 90 83 60 76 33 97 55 48 
35 47 14 13 34 39 95 44 79 27 72 69 96 55 44 10 58 100 12 28 26 71 47 43 46 73 49 24 72 62 0 38 46 92 28 72 88 71 32 71 83 37 48 53 50 75 30 99 3 69 53 14 39 86 82 32 80 40 99 74 89 67 87 14 29 69 29 6 8 58 72 66 7 5 69 1 68 37 62 66 19 37 55 28 2 24 99 71 81 24 15 60 76 22 75 33 86 51 41 68 
20 20 86 17 99 74 64 29 59 90 44 72 62 71 20 45 62 75 87 75 79 37 53 22 24 2 42 83 40 42 17 34 79 60 83 59 9 13 78 93 72 29 81 41 7 2 59 0 84 34 74 26 16 87 17 75 6 74 15 95 10 9 25 85 10 31 11 22 72 5 95 33 34 37 64 44 6 91 11 64 70 23 95 68 25 9 56 31 68 23 47 50 89 33 38 14 36 34 55 1 
67 90 31 52 31 16 86 11 28 89 53 88 4 19 67 22 62 5 56 58 7 44 6 95 25 61 13 75 85 89 32 20 31 25 32 50 67 4 71 87 79 49 53 19 9 93 91 20 52 100 69 4 68 99 73 27 98 4 3 52 63 64 19 34 68 83 97 2 72 15 13 1 59 91 31 49 32 35 76 64 45 70 41 58 33 83 18 3 67 48 39 31 2 78 3 68 65 58 35 76 
8 76 46 22 47 85 24 12 71 43 91 45 3 56 26 60 56 32 46 96 21 22 88 39 84 19 19 44 46 66 9 14 71 31 62 65 41 69 69 3 65 24 93 49 70 33 87 74 81 64 12 20 27 80 43 30 75 84 31 60 20 45 60 51 11 11 54 78 18 91 60 32 58 6 81 16 76 24 43 34 62 97 30 44 60 50 71 87 84 90 89 1 61 59 17 37 78 23 59 51 
19 52 16 10 100 21 12 99 44 66 29 46 33 9 98 98 37 88 3 21 0 63 88 51 83 76 79 79 64 58 18 68 99 1 48 39 19 44 62 79 62 78 92 70 57 98 12 48 77 80 82 82 82 65 44 84 14 25 12 9 82 35 92 54 70 23 30 56 66 78 15 1 77 17 56 71 64 46 21 72 32 18 34 76 96 40 22 40 67 1 46 3 59 49 92 82 88 64 65 66 
65 47 59 57 82 7 19 0 94 20 16 57 30 26 14 43 78 85 80 39 74 52 55 2 69 31 96 52 68 79 39 96 27 17 77 60 93 41 99 13 91 14 51 39 74 92 85 24 74 79 5 98 43 70 98 59 46 3 2 93 8 92 78 9 74 31 23 34 58 84 77 30 77 27 23 74 99 10 9 12 53 23 6 34 27 8 18 16 58 55 80 80 24 50 70 86 67 74 41 88 
74 67 50 3 66 10 48 91 92 8 91 79 9 1 11 55 37 69 57 74 0 93 3 61 12 84 68 65 18 61 98 73 2 25 67 56 37 37 17 47 6 90 3 33 71 11 22 68 74 94 85 37 28 54 8 29 79 33 8 39 37 36 64 23 51 39 9 30 99 58 73 60 13 37 75 39 88 82 25 72 89 12 73 90 6 81 23 26 64 47 36 59 58 67 85 87 36 13 83 72 
35 21 12 44 99 9 68 85 28 57 38 74 23 68 66 59 39 36 25 20 84 72 18 44 94 4 82 41 68 80 57 95 24 96 100 87 55 62 21 77 100 85 37 51 44 1 44 25 96 44 34 55 43 51 77 63 39 52 52 99 36 24 79 10 96 15 36 19 35 84 82 68 100 51 91 12 100 52 81 22 81 100 0 27 68 36 31 95 68 50 38 28 67 76 11 98 39 57 62 43 
60 16 95 13 15 54 92 0 25 5 90 85 1 48 90 4 50 43 67 5 85 24 24 2 94 19 66 65 58 93 22 66 72 96 83 85 86 23 60 98 2 66 67 39 94 3 58 57 10 85 28 35 86 94 27 97 77 64 90 84 41 69 58 21 23 25 6 0 76 79 35 12 67 85 60 12 60 89 64 14 96 2 10 44 18 24 71 12 2 29 70 83 84 25 71 92 10 59 48 15 
78 89 92 70 50 42 4 56 34 61 45 8 88 69 60 33 50 70 71 58 43 41 16 35 15 33 75 60 75 48 61 90 94 91 0 5 98 98 34 14 23 9 78 5 45 28 85 76 1 96 73 13 13 54 7 91 34 97 31 35 34 1 21 97 75 1 0 96 81 48 25 16 27 85 73 25 64 41 66 58 43 52 27 57 32 89 14 4 26 75 82 16 7 76 79 5 98 69 53 48 
94 37 40 19 51 44 53 98 11 17 89 9 53 32 44 17 5 18 60 90 9 92 90 51 64 51 71 6 67 6 7 85 63 62 14 84 34 63 92 16 39 42 20 55 100 25 50 17 41 97 45 45 7 80 45 96 27 58 4 81 20 62 69 79 71 25 100 41 6 45 33 28 12 38 85 27 22 88 7 72 65 83 22 13 28 55 87 51 76 64 90 60 89 70 78 50 82 7 5 53 
70 43 61 66 1 12 84 71 34 10 94 55 1 16 31 61 27 42 73 60 42 55 24 61 7 100 50 69 16 53 75 45 91 45 51 54 80 16 26 94 58 70 52 58 72 11 4 76 88 53 46 78 76 44 63 87 16 77 69 74 28 98 89 73 71 16 49 5 53 100 79 60 0 21 28 12 100 92 68 83 91 57 35 49 93 39 92 54 98 69 43 100 53 40 26 57 53 31 66 86 
92 62 84 11 33 19 6 50 18 21 85 82 30 9 27 83 37 65 91 4 30 52 41 43 81 64 81 9 7 80 4 9 1 92 89 39 81 26 9 100 13 99 60 60 0 71 96 97 58 72 35 10 88 2 49 77 9 81 7 76 57 56 62 52 9 25 72 59 77 26 100 97 15 60 74 3 8 1 62 48 41 57 6 26 52 65 59 64 9 53 58 81 54 48 39 28 62 45 60 90 
65 37 6 54 92 74 97 99 70 71 90 85 79 92 99 2 57 66 42 37 70 70 35 49 70 9 67 20 78 15 27 34 39 52 9 38 77 13 24 90 32 6 9 79 21 27 24 44 6 48 45 8 62 67 15 44 34 87 50 21 74 53 9 73 83 47 2 93 64 49 68 34 33 55 35 8 76 30 51 51 87 90 40 2 41 100 30 68 72 14 12 80 59 64 25 77 74 84 32 42 
23 47 30 25 84 30 84 24 44 5 24 79 0 20 0 89 65 37 95 88 64 13 53 50 57 94 38 45 87 8 40 90 62 88 100 34 73 20 19 2 22 14 86 57 48 11 51 21 39 85 68 89 46 21 51 96 30 43 53 64 49 72 54 2 48 8 4 58 25 59 48 8 51 12 75 19 2 93 94 57 57 3 1 12 35 87 3 0 52 27 56 31 48 8 12 76 68 44 77 37 
86 43 88 73 30 19 44 25 69 0 7 22 59 9 64 41 19 78 78 79 74 40 62 6 76 80 30 5 19 13 80 84 61 61 20 97 16 31 51 87 50 25 14 64 87 94 70 25 65 79 42 22 27 44 68 66 64 42 21 84 67 22 61 35 12 33 19 94 21 47 7 60 98 93 49 34 63 27 92 95 53 7 37 10 83 64 29 41 92 47 45 0 51 43 37 5 50 54 58 86 
47 27 91 50 66 3 96 56 45 61 13 63 23 8 17 50 12 37 88 95 69 97 43 8 69 6 13 66 32 16 88 51 17 88 54 25 97 90 55 10 13 4 50 39 18 77 23 49 28 80 92 86 84 40 96 33 68 91 20 45 95 35 14 13 88 82 63 8 74 91 29 95 48 55 70 95 21 55 53 13 62 24 10 58 50 36 55 33 31 12 85 19 7 100 78 54 14 29 25 18 
1 64 45 84 4 15 12 5 24 41 77 38 6 70 35 46 13 90 100 88 56 71 70 42 30 5 71 43 58 34 7 25 69 5 81 70 57 76 86 60 8 41 26 45 98 21 77 14 22 41 51 81 51 14 31 68 33 87 31 96 81 45 49 2 10 12 64 100 76 74 38 75 40 15 82 82 3 51 46 72 77 82 35 45 84 9 6 18 95 21 7 43 24 92 39 79 16 4 63 60 
41 14 55 90 63 10 50 74 7 100 23 32 48 100 3 4 34 63 11 97 6 76 61 0 87 37 50 61 9 7 72 56 42 17 57 77 29 1 64 39 35 88 90 91 16 23 61 19 49 48 84 27 22 86 14 58 29 93 53 36 58 19 51 95 92 31 50 68 46 26 48 48 68 19 49 85 10 100 30 41 58 98 13 28 96 95 23 61 71 19 82 75 62 95 27 63 4 19 22 20 
37 73 26 28 45 79 75 78 61 92 56 31 21 12 58 73 57 30 1 15 33 77 99 57 78 16 18 50 42 49 23 15 20 39 16 14 41 86 52 68 68 94 5 83 95 20 87 80 85 77 87 18 61 73 44 84 12 83 99 46 18 1 59 58 83 32 33 27 96 75 45 13 82 46 99 78 99 59 98 43 46 35 95 46 4 27 33 99 46 56 84 93 60 94 89 11 69 71 83 10 
4 49 78 19 6 26 47 36 31 88 16 2 33 91 28 22 45 24 45 53 69 8 74 86 54 93 86 21 70 66 47 69 90 54 43 11 25 64 55 14 10 64 40 20 77 3 57 75 97 20 0 75 64 25 84 62 1 65 31 68 4 0 36 67 86 22 21 41 86 65 97 62 48 98 10 12 4 86 30 49 96 57 9 97 96 0 2 91 7 41 65 96 6 47 32 23 66 84 18 70 
92 1 40 45 87 23 44 65 39 42 53 77 81 18 94 22 24 51 76 79 9 56 34 37 51 42 19 13 0 20 53 100 9 95 45 86 72 28 7 56 13 30 1 76 95 76 26 86 5 82 85 74 69 93 21 18 35 50 26 63 41 97 60 0 99 62 22 21 14 19 27 23 28 21 45 36 61 86 9 30 1 50 3 61 18 44 81 0 54 72 44 53 2 29 65 33 83 52 25 28 
97 73 73 13 38 0 55 76 10 28 83 2 30 71 45 53 91 87 16 35 54 62 21 89 2 96 14 41 2 88 85 61 14 10 74 56 85 96 95 45 20 66 87 58 83 1 8 84 89 60 76 62 44 46 2 90 4 85 48 3 84 40 78 97 83 3 14 5 53 15 45 90 88 87 32 22 33 70 7 69 11 59 14 14 16 100 69 34 74 11 28 98 70 89 98 56 66 100 75 29 
15 81 90 47 89 83 60 51 71 64 89 93 44 65 4 11 65 46 50 82 5 81 82 12 23 27 86 8 13 14 22 54 98 100 34 26 96 43 89 46 77 21 56 23 57 47 44 53 4 3 55 78 59 31 69 47 77 3 38 54 26 21 2 74 47 61 80 81 44 1 71 62 2 27 85 71 84 27 55 12 81 70 39 77 44 72 18 68 45 57 45 45 96 69 18 2 46 63 23 32 
19 4 1 63 73 3 92 95 66 82 62 77 16 34 60 60 22 43 78 72 82 89 96 75 96 94 65 74 86 90 34 49 73 18 22 78 60 87 42 84 56 66 89 55 21 82 58 84 11 82 18 90 52 30 55 78 16 77 41 97 66 23 49 16 76 71 15 58 77 76 88 84 62 10 62 94 98 26 34 5 52 13 0 50 43 74 40 76 45 6 24 12 89 13 93 17 67 82 87 16 
