100 100
49 24 95 28 24 31 71 21 71 46 55 44 33 62 20 57 58 29 54 96 63 57 73 70 55 34 20 39 11 72 69 11 20 34 25 21 50 94 63 41 88 9 39 44 67 83 24 32 75 17 27 24 14 86 23 34 53 68 13 94 16 97 60 1 76 36 65 62 45 7 50 68 90 47 96 57 69 66 23 35 40 74 93 77 60 60 53 62 19 9 28 82 71 60 83 46 99 47 66 92 
67 84 66 71 99 62 90 63 60 49 33 53 86 40 17 100 78 99 85 19 62 25 84 25 80 36 60 69 71 36 46 40 67 80 36 11 66 42 87 78 75 100 80 96 21 48 70 95 69 2 40 42 6 64 89 7 21 34 87 80 75 32 85 32 58 87 9 4 72 57 12 61 35 49 83 80 60 82 2 37 22 58 68 20 12 98 71 38 30 78 95 53 63 56 35 4 42 6 68 83 
36 58 59 22 8 100 97 7 57 85 77 51 14 85 38 68 31 0 94 33 84 52 10 98 55 50 4 14 96 81 8 29 5 84 86 83 32 80 67 76 46 18 99 2 54 70 37 89 25 45 76 29 16 72 29 72 33 61 17 36 20 3 67 9 33 10 88 37 85 62 89 55 93 80 49 62 62 91 19 46 64 12 21 92 84 57 31 2 3 90 51 80 76 53 2 54 65 85 73 57 
37 69 94 94 72 28 23 87 53 42 68 28 78 32 55 24 98 29 11 90 66 54 52 55 38 46 79 70 88 81 98 74 17 5 77 96 51 44 28 35 82 74 22 19 12 68 84 57 31 1 70 84 60 8 56 82 98 47 54 15 44 61 83 5 31 56 89 56 86 89 23 55 7 90 46 95 53 66 75 33 32 54 7 13 16 18 65 36 89 90 39 24 65 65 9 67 65 95 46 8 
47 12 22 31 19 28 94 75 89 4 84 85 12 92 32 45 6 57 54 52 80 19 100 63 51 39 57 39 26 14 62 96 42 83 20 25 77 33 7 43 94 90 1 67 39 2 78 12 53 43 76 89 4 38 91 56 45 49 53 44 19 49 23 20 22 37 80 55 49 13 49 94 32 74 53 26 74 26 41 16 60 25 53 83 25 15 94 38 52 74 30 38 76 34 50 41 33 63 48 22 
75 92 32 55 82 84 94 20 70 93 23 60 8 18 7 40 49 33 27 57 55 60 44 100 79 34 52 38 19 89 50 26 86 7 12 81 1 12 88 62 76 50 43 94 7 30 37 46 69 34 40 68 4 62 14 38 81 89 88 89 53 26 93 36 64 4 25 55 76 65 66 71 82 32 86 35 56 30 71 53 49 15 77 53 74 75 86 84 32 99 97 32 43 42 72 98 10 84 93 15 
61 63 62 45 28 21 0 100 77 29 31 15 74 38 67 48 61 3 53 95 17 12 21 76 93 92 53 56 44 54 39 95 22 23 18 58 57 2 40 87 96 67 99 66 43 44 6 49 72 77 54 55 53 42 94 1 7 56 33 58 26 11 3 52 24 46 86 39 34 100 13 91 50 49 64 32 10 35 34 33 6 81 38 68 57 5 10 3 21 23 38 16 35 72 2 92 54 87 0 89 
43 25 84 35 74 99 15 71 11 79 21 35 76 61 52 30 47 90 59 63 94 30 20 46 12 78 44 49 20 62 42 73 35 7 1 38 9 27 59 63 9 3 80 82 57 82 27 6 35 90 30 89 64 45 94 38 56 29 100 6 94 79 95 79 40 96 67 9 84 54 48 38 66 66 89 92 63 39 62 65 74 16 97 8 11 4 50 36 40 21 87 22 28 13 85 54 82 56 64 69 
26 100 87 9 49 50 74 20 4 46 97 46 7 58 85 29 65 52 93 20 63 12 24 8 63 94 53 77 66 75 4 15 92 28 81 17 77 77 25 35 38 43 96 63 54 78 86 53 78 82 36 5 45 37 16 27 66 71 84 25 27 89 8 60 44 41 80 13 67 79 73 75 91 97 73 30 45 6 39 15 33 73 23 41 74 97 4 14 65 96 87 10 62 74 67 55 55 18 70 59 
96 84 12 76 58 90 15 34 94 51 63 47 39 70 87 93 78 85 23 57 30 36 76 45 12 4 95 94 62 32 86 59 86 17 5 7 86 23 37 52 10 12 35 93 45 17 37 73 78 32 73 81 67 86 92 98 49 61 33 74 47 96 72 84 2 99 76 55 79 23 51 79 79 22 36 12 35 41 17 96 1 67 22 5 69 10 15 97 34 71 81 25 13 12 27 47 9 72 77 39 
41 4 90 13 63 94 90 39 28 99 68 71 22 64 47 54 42 95 86 95 49 19 74 47 97 73 51 55 76 14 81 25 76 33 100 10 66 84 16 61 66 78 14 35 2 97 13 53 5 15 70 44 21 25 66 18 35 77 19 60 42 77 51 78 35 92 68 44 99 24 38 23 71 52 53 64 50 18 63 34 80 39 97 58 6 63 6 86 53 23 98 5 94 60 65 31 51 32 7 35 
20 74 83 88 47 100 46 96 61 19 49 84 97 84 51 23 57 44 67 97 4 82 70 14 13 60 32 23 19 57 33 54 58 25 71 48 53 89 13 2 92 54 46 35 50 4 79 75 7 31 90 23 99 19 59 29 46 52 50 66 32 47 50 6 1 33 68 45 52 90 6 20 76 24 51 13 53 27 7 62 77 72 12 51 56 25 15 72 69 88 42 86 100 63 14 94 57 11 65 36 
11 16 13 36 79 98 48 30 57 90 80 41 26 20 24 84 68 81 46 70 20 62 64 19 21 51 30 28 65 21 85 22 37 14 46 73 41 90 99 44 22 27 82 63 90 67 34 14 27 31 4 22 49 8 21 62 79 23 38 41 87 19 80 8 67 67 19 79 18 21 64 4 17 25 41 75 3 74 7 93 21 24 15 5 3 51 9 53 13 73 18 71 67 3 22 30 68 98 46 49 
3 92 56 99 1 34 99 61 7 20 40 34 41 66 16 16 84 68 97 86 82 16 68 30 40 33 43 30 20 77 92 76 59 75 68 36 85 78 66 37 95 54 86 20 13 79 92 14 21 12 43 7 44 21 58 78 19 3 21 32 38 12 62 9 29 68 63 43 98 50 5 86 98 1 47 68 37 94 83 56 70 94 35 17 26 92 86 45 52 70 14 60 48 18 4 23 54 36 92 35 
50 45 55 63 88 17 44 79 22 50 98 52 7 41 73 58 60 71 31 29 13 88 6 4 3 98 16 2 41 77 97 79 17 47 16 6 63 30 21 70 34 44 87 56 47 33 52 11 8 61 23 31 31 77 61 40 98 62 34 56 19 16 14 74 41 3 50 75 21 37 53 25 35 91 7 25 24 99 78 66 64 79 28 15 16 74 7 98 37 16 23 82 90 40 77 64 25 70 9 32 
22 95 84 75 47 42 83 16 40 19 71 79 60 47 52 18 58 14 11 81 49 57 55 49 41 84 50 95 47 24 42 43 90 45 63 41 34 73 4 97 81 97 100 67 16 49 10 18 50 18 100 42 46 62 63 84 39 57 40 13 7 88 52 58 38 12 89 93 22 7 56 39 97 73 21 81 73 95 42 5 49 99 81 62 33 43 24 97 100 85 59 74 5 42 40 95 40 71 68 24 
53 96 57 15 84 91 49 52 0 58 12 30 72 28 85 23 66 32 49 40 2 2 67 86 13 42 18 12 65 10 84 26 40 48 85 20 6 74 57 74 11 78 69 13 63 60 77 61 61 34 85 89 3 35 2 43 42 38 82 31 2 69 62 14 52 70 33 39 29 45 90 5 20 66 90 60 2 35 84 0 69 82 71 65 41 32 59 4 11 72 61 82 69 98 38 93 56 32 4 71 
56 81 23 14 70 72 33 13 14 95 43 15 35 46 96 4 33 56 62 66 23 57 35 38 23 47 28 20 32 1 59 1 92 90 67 88 9 31 100 77 95 23 61 47 11 93 64 67 31 56 95 11 4 86 59 50 63 78 10 45 42 81 37 65 95 4 5 67 82 70 76 90 51 85 80 25 67 36 88 57 30 80 15 32 10 20 20 16 6 54 5 3 89 42 25 91 55 96 41 33 
52 87 0 51 56 60 71 29 20 62 88 12 66 29 69 14 47 52 0 53 18 53 32 73 41 32 92 16 3 94 80 91 80 94 55 0 42 59 39 44 49 11 90 73 8 8 61 12 99 50 22 72 81 32 39 43 12 11 36 74 29 24 55 100 12 75 90 90 7 42 70 82 47 6 75 92 17 96 9 60 52 23 22 38 18 24 86 65 83 86 94 96 47 43 1 40 4 95 29 25 
79 93 61 73 42 60 22 36 88 6 96 85 65 70 39 67 24 41 98 44 47 1 33 99 39 20 0 77 6 39 18 82 71 10 13 0 85 17 0 90 34 78 73 20 86 32 38 24 49 81 99 56 83 8 68 18 76 50 7 17 70 94 20 51 65 38 46 4 4 39 61 85 68 59 17 13 86 44 38 60 96 64 97 44 18 59 68 23 30 42 29 22 82 74 74 57 5 53 20 12 
10 42 1 70 76 47 67 35 31 36 91 13 31 30 73 100 6 12 72 54 49 100 40 74 87 90 77 83 89 87 77 26 0 73 67 30 56 6 50 56 58 74 8 72 75 50 63 61 5 21 99 64 33 87 23 43 9 69 73 62 53 98 71 74 89 93 57 90 87 18 78 7 22 65 81 11 91 10 84 84 89 62 98 80 99 45 0 12 64 9 67 65 62 60 76 88 83 62 64 67 
55 54 56 35 15 40 69 52 5 77 53 67 51 37 15 1 24 57 70 86 75 38 4 59 8 34 80 97 72 9 51 96 87 86 65 23 25 58 41 72 91 50 63 4 48 92 61 20 88 95 86 40 70 68 90 68 95 41 3 43 64 29 36 98 87 49 61 8 43 24 40 67 63 17 51 27 29 43 66 63 83 96 88 16 4 33 2 58 88 0 8 93 78 56 0 99 36 36 100 62 
7 60 89 44 29 61 89 84 32 6 83 68 77 81 22 81 14 75 29 35 0 5 74 29 76 99 58 0 2 6 23 66 5 58 84 35 73 98 50 61 44 92 67 11 38 79 9 20 93 96 56 38 76 93 41 9 99 44 31 70 10 22 80 57 83 86 87 75 87 46 53 10 73 13 7 57 83 12 68 20 7 14 54 54 30 9 18 65 76 53 95 58 28 49 34 73 87 93 4 2 
79 60 54 1 15 63 44 49 30 83 76 55 77 22 32 70 53 97 4 57 1 53 8 49 33 32 42 94 64 20 5 34 70 56 10 19 57 90 50 23 21 13 61 49 61 30 11 76 82 62 12 35 68 24 22 73 38 84 45 21 49 25 7 21 94 1 17 55 97 12 24 1 20 93 98 37 17 1 97 13 72 85 58 23 3 33 8 52 70 44 69 9 21 84 67 19 42 1 5 52 
69 59 0 47 0 73 15 11 16 4 74 49 93 14 19 79 55 48 83 68 50 34 81 36 12 6 38 66 47 64 23 61 44 77 51 1 74 52 73 1 82 69 84 73 39 63 45 92 75 58 90 39 54 41 47 67 70 47 63 0 56 34 11 88 30 1 78 53 9 86 95 24 1 29 35 100 88 79 76 28 72 10 34 47 40 32 65 40 22 20 52 58 17 8 2 37 61 62 66 94 
66 17 44 38 59 7 28 47 47 4 18 20 72 47 28 23 47 11 88 93 19 2 77 92 36 49 11 3 46 95 100 9 13 22 80 25 94 39 35 31 29 31 70 34 0 2 21 94 59 93 59 32 75 75 87 88 90 5 59 21 34 0 1 73 18 19 15 50 79 8 97 36 30 34 14 43 53 54 58 21 3 74 96 52 81 16 72 51 39 40 61 55 1 42 55 40 84 65 8 94 
5 82 91 88 0 46 8 83 94 38 6 92 25 69 61 35 75 96 72 25 69 52 68 40 22 41 55 36 40 9 77 72 74 70 46 62 40 26 35 6 69 65 46 34 2 97 14 91 27 44 76 37 56 24 17 74 55 35 34 39 56 100 44 90 39 49 41 46 13 70 53 64 87 56 98 65 31 18 88 71 5 49 81 62 25 50 13 2 5 51 13 61 82 81 85 40 98 71 87 80 
79 45 0 24 24 80 40 76 79 65 91 11 51 46 50 26 58 89 11 18 39 60 28 95 14 70 53 55 2 46 39 28 12 49 100 90 95 30 88 6 55 81 24 82 33 41 28 25 45 57 27 76 77 43 86 22 80 4 61 24 19 87 0 60 97 59 80 74 6 38 90 51 81 17 74 22 14 46 47 53 37 98 28 54 93 24 53 26 73 82 35 55 90 41 27 14 78 54 98 42 
11 28 13 96 99 35 29 95 84 73 40 91 15 85 1 74 78 83 100 99 6 39 81 1 35 38 51 35 82 20 80 16 88 28 75 57 36 97 54 52 26 23 34 92 100 23 15 67 51 81 23 13 49 31 13 21 21 38 83 53 96 23 90 41 69 77 14 77 80 16 95 82 16 17 32 91 31 68 99 17 93 77 67 38 36 34 35 89 7 30 41 67 60 65 76 9 65 94 2 30 
81 84 3 98 49 87 60 92 76 58 46 12 51 47 16 67 16 11 97 91 96 40 39 4 11 15 64 15 68 91 24 34 58 2 75 44 29 45 77 53 8 84 40 16 41 86 52 75 6 33 51 62 83 44 49 47 61 85 49 96 26 91 48 52 54 5 2 28 56 60 73 54 66 35 61 0 44 2 71 19 83 32 92 47 10 35 18 62 68 89 5 66 35 14 54 53 10 15 62 42 
14 37 21 62 53 57 73 78 75 39 78 23 27 12 99 8 93 15 62 70 18 20 74 44 78 82 5 68 70 99 98 15 3 18 86 39 46 11 96 79 24 44 23 100 90 88 7 30 49 72 99 95 67 96 17 33 15 35 78 64 30 31 29 87 43 41 85 8 9 29 10 47 65 29 58 88 77 49 85 19 16 30 95 48 12 36 36 34 93 70 2 95 84 22 61 37 52 49 25 6 
75 12 92 34 46 66 6 93 79 89 30 2 0 93 7 76 53 46 11 81 1 24 27 52 43 89 55 41 78 36 44 37 83 2 36 34 54 69 23 75 76 22 45 59 40 25 53 48 19 1 9 69 44 57 89 10 26 1 49 42 76 66 41 51 66 8 74 11 43 92 7 19 73 65 30 78 26 73 73 94 12 72 11 30 68 11 85 64 15 91 6 73 73 19 100 42 45 19 92 56 
96 98 67 59 71 19 23 16 36 35 26 100 44 19 31 95 58 5 20 83 9 5 44 17 6 25 6 84 16 59 1 81 52 11 11 20 67 6 97 81 3 12 98 37 28 45 11 48 53 63 69 28 27 50 97 50 3 81 33 27 27 98 60 44 5 19 12 46 37 62 53 29 43 39 77 54 26 47 21 90 72 19 68 74 39 37 82 1 72 58 21 33 61 10 42 53 51 32 40 31 
100 78 68 60 33 24 98 84 25 57 79 96 28 37 56 47 34 96 97 4 6 93 90 48 77 33 61 33 23 48 13 65 77 55 68 56 19 32 35 57 89 11 33 42 97 48 61 92 17 78 59 62 72 28 70 77 25 20 79 67 57 79 57 75 42 81 49 75 21 52 12 37 96 8 50 82 67 81 39 10 5 36 15 56 87 30 84 82 46 38 72 76 92 36 96 58 66 29 51 44 
10 1 0 94 69 67 0 59 6 9 56 17 33 11 62 85 12 74 100 16 41 11 75 22 14 16 37 100 6 8 1 61 22 33 86 57 95 14 3 30 8 12 62 68 62 60 33 92 17 15 10 60 41 2 26 70 26 23 40 23 100 6 75 66 54 85 83 58 28 12 47 97 78 22 53 69 37 62 92 95 47 81 75 18 89 67 24 17 93 4 86 89 7 99 40 4 49 98 99 34 
77 61 56 58 99 15 8 98 54 96 61 77 31 75 19 86 64 12 43 10 94 91 37 68 19 99 71 83 57 44 27 35 46 13 91 64 69 91 62 79 100 35 22 61 63 99 43 54 57 63 71 21 26 97 91 86 56 26 41 77 11 2 56 9 99 20 62 93 3 90 45 44 74 71 89 42 13 66 58 54 15 61 5 35 90 39 62 46 45 42 21 51 26 79 56 53 6 70 61 79 
70 92 19 35 36 92 41 53 88 61 7 44 89 91 47 32 61 41 69 14 99 53 55 34 56 85 22 99 61 33 58 68 41 81 87 32 55 82 77 29 11 27 98 95 31 54 69 5 78 53 17 61 12 42 28 26 13 58 4 52 80 29 96 65 22 41 15 79 41 70 29 51 2 52 31 56 43 1 90 33 10 60 72 24 39 83 23 6 60 92 14 53 88 76 3 60 80 72 97 35 
72 58 45 4 79 54 58 35 56 41 1 23 97 45 71 32 88 94 20 37 60 11 7 82 69 39 64 84 5 32 52 98 56 48 56 40 100 97 17 4 48 15 41 50 69 15 58 31 15 27 16 26 32 39 73 75 13 6 8 12 26 26 11 88 92 13 2 48 39 63 72 29 20 41 39 48 76 45 78 77 52 57 75 83 28 34 32 81 74 3 56 6 50 84 81 14 41 34 18 33 
28 45 24 91 72 55 54 38 4 62 23 55 36 65 0 21 69 11 22 82 13 22 39 54 34 12 14 34 51 3 12 65 49 98 18 93 23 79 24 42 6 22 64 46 39 57 79 28 30 40 39 99 5 14 73 80 16 38 79 91 62 5 87 52 12 13 29 72 27 17 87 87 92 36 99 89 18 71 47 87 90 26 87 37 16 34 44 79 69 65 65 64 36 99 97 0 41 85 72 64 
39 37 19 74 52 5 42 61 86 26 43 70 22 55 2 45 68 42 41 64 0 49 27 48 45 99 9 47 89 62 11 76 21 95 85 30 67 41 70 0 76 86 61 85 27 70 15 28 70 27 30 0 47 77 79 79 79 47 72 52 76 58 41 79 86 42 20 14 30 47 47 33 41 96 35 19 49 81 0 41 34 26 90 75 59 58 91 41 65 84 31 7 53 8 25 44 5 18 39 55 
100 6 27 50 51 31 28 43 85 13 55 31 6 8 67 9 67 45 38 62 36 63 98 77 55 66 10 61 71 19 75 73 68 35 100 47 65 51 80 50 31 86 94 33 99 35 71 26 50 28 95 43 90 54 68 24 100 83 40 8 95 75 93 9 92 32 64 95 5 87 80 75 28 89 6 62 3 66 0 38 19 17 96 59 66 93 88 40 51 6 51 50 73 71 19 92 22 29 71 38 
10 68 50 51 21 71 78 28 51 46 9 12 57 35 77 44 44 37 59 65 91 15 74 67 84 73 72 33 92 1 75 5 46 68 86 96 57 39 47 52 56 29 93 44 27 17 76 36 45 89 97 56 69 47 56 2 26 26 32 69 55 17 5 26 74 90 65 30 15 42 17 59 35 56 64 7 15 13 15 74 59 74 61 40 46 4 58 96 24 46 58 56 34 41 14 76 11 7 95 74 
0 30 85 67 60 85 62 4 75 51 15 49 46 97 7 93 52 69 37 91 60 43 87 98 14 51 12 93 76 78 24 40 18 27 12 40 12 24 16 92 40 4 72 2 95 47 32 58 60 49 61 95 26 32 48 71 29 42 9 71 57 52 38 17 65 81 20 33 18 64 82 9 78 33 92 49 23 18 62 7 69 92 56 51 47 57 65 20 63 59 75 88 75 16 32 75 5 72 11 74 
82 40 31 36 71 46 12 35 64 89 6 12 21 46 81 79 96 86 55 4 10 53 58 4 32 13 76 6 80 52 92 81 99 60 21 45 70 45 11 81 41 75 74 94 22 34 72 82 44 6 49 77 49 86 29 34 59 35 86 50 59 63 68 53 98 81 52 77 13 99 23 79 20 100 46 47 44 48 15 27 2 22 99 10 60 45 92 94 11 25 25 84 4 5 94 85 5 11 39 16 
38 40 19 73 52 48 83 27 92 38 13 72 86 92 50 74 50 60 91 97 41 99 62 99 34 96 19 30 4 93 78 51 83 36 44 32 78 12 40 94 3 33 52 70 27 23 58 83 27 32 69 83 59 82 1 35 35 52 48 20 19 36 41 57 81 80 94 69 75 92 60 27 5 85 18 57 54 34 13 30 29 55 98 83 64 16 15 45 68 27 22 60 55 82 88 74 71 49 61 38 
40 21 64 86 17 12 99 97 81 81 47 81 61 56 35 83 43 54 93 74 83 83 28 40 100 79 25 61 69 13 37 24 20 1 73 95 63 38 86 19 100 68 32 78 49 78 13 55 86 11 70 5 26 21 17 73 20 7 53 82 27 81 30 95 70 33 8 39 74 51 79 32 39 42 84 93 53 42 38 63 81 56 1 46 4 62 66 23 29 59 20 46 57 0 33 35 51 19 92 13 
47 70 64 7 8 40 100 72 79 44 74 39 0 26 55 5 10 70 79 100 14 60 26 52 30 41 55 22 83 22 3 48 12 35 65 4 8 42 69 54 36 42 37 51 22 32 61 11 81 63 25 35 40 72 27 52 6 97 83 30 3 41 47 80 70 38 42 85 31 77 77 25 51 5 41 76 8 43 67 54 8 91 93 4 63 31 20 72 27 90 94 47 84 75 88 22 81 58 75 55 
63 25 39 78 63 6 29 5 90 56 55 66 82 18 31 13 48 87 79 89 11 79 51 49 34 21 49 45 88 44 86 96 17 95 59 5 86 40 91 77 55 48 16 98 21 70 64 16 39 90 69 26 100 13 70 9 63 47 2 88 53 68 59 70 61 50 27 80 35 58 49 31 32 44 46 17 40 43 49 58 85 54 64 36 56 94 57 5 81 26 27 51 74 0 38 27 47 10 61 70 
77 44 15 1 11 94 35 31 30 65 21 82 79 81 20 34 76 97 29 41 37 21 37 43 35 76 0 26 19 22 22 57 15 55 82 33 24 77 93 72 96 23 90 8 17 44 47 58 60 68 3 81 64 13 92 6 41 66 36 87 20 70 93 5 57 4 0 35 6 10 3 22 55 58 34 87 21 99 65 44 76 55 49 4 2 34 78 23 92 51 51 7 69 54 7 8 98 6 47 49 
36 5 95 58 90 82 60 48 4 56 27 73 53 68 7 93 5 21 80 12 48 99 52 30 0 37 92 38 60 61 19 35 76 72 23 71 41 17 87 92 67 64 72 3 50 18 60 2 99 41 72 55 89 11 22 1 22 38 34 45 19 13 96 87 93 98 87 11 18 85 12 34 13 37 94 63 11 64 25 59 91 99 79 56 73 6 98 26 97 27 2 52 56 61 38 45 37 83 80 14 
77 82 69 75 16 89 13 35 53 66 8 36 39 30 50 38 88 22 40 92 51 86 81 19 23 81 17 66 77 15 41 23 9 67 40 30 46 67 40 74 51 62 20 17 94 52 99 75 89 34 24 95 20 79 3 22 12 59 34 54 83 85 20 62 18 64 42 92 50 1 59 98 56 73 97 80 33 50 16 58 96 5 97 13 81 73 33 10 76 42 1 56 57 37 23 53 23 98 35 8 
42 97 24 68 4 23 25 28 65 41 68 26 96 60 6 15 40 25 84 59 88 28 76 96 75 90 45 31 57 85 67 92 20 67 69 95 14 6 23 91 53 60 86 36 58 68 13 29 80 39 32 70 57 71 1 14 62 72 19 39 84 10 46 56 99 29 2 1 67 41 15 63 15 40 72 38 64 38 69 80 60 88 38 24 4 89 40 71 88 89 99 88 21 57 98 64 16 89 19 63 
89 66 57 19 91 89 79 82 27 51 31 26 68 99 51 64 31 34 79 49 21 7 41 21 92 25 13 70 81 6 42 53 3 43 29 46 14 54 67 83 28 56 2 95 85 74 76 61 78 1 97 1 14 65 42 51 28 70 74 100 28 40 44 80 32 93 86 71 54 90 100 39 8 36 52 17 22 91 61 8 89 83 46 92 30 84 15 13 95 55 70 92 84 46 14 28 40 92 74 31 
69 21 99 29 65 18 16 95 5 73 30 62 68 63 54 57 81 75 29 14 62 65 94 62 80 4 79 68 8 86 71 80 98 81 92 67 86 58 63 54 12 6 87 5 23 6 68 28 64 90 21 92 60 62 72 9 69 51 93 21 30 85 82 17 5 58 95 53 70 42 64 42 94 83 27 60 82 56 60 63 81 28 95 33 54 74 23 41 62 88 80 55 23 10 88 48 17 32 96 6 
15 95 27 25 48 98 70 36 93 69 35 39 52 90 35 73 5 13 6 96 3 100 74 67 26 100 77 17 78 40 13 18 61 18 77 30 75 94 25 15 83 66 55 85 66 49 18 31 87 57 4 71 60 38 19 50 48 38 100 81 33 39 80 33 21 83 21 26 11 86 74 50 57 19 94 74 32 82 86 31 95 64 14 30 73 1 9 100 82 51 26 67 64 48 18 75 27 61 34 23 
29 88 45 25 37 7 85 32 32 93 89 34 20 79 6 94 26 93 15 57 76 98 71 11 58 25 64 47 23 95 28 10 77 81 96 22 10 46 27 47 84 11 53 55 14 68 57 73 3 36 11 53 86 50 59 53 54 32 58 99 64 88 29 25 85 53 12 74 77 38 82 36 21 43 22 47 17 41 94 68 87 82 94 21 10 21 99 48 35 0 64 38 81 74 32 73 50 34 0 49 
49 94 67 47 31 59 64 38 52 58 7 53 17 82 68 31 39 37 79 93 89 52 5 72 37 48 0 93 80 41 46 67 71 14 13 75 9 70 47 100 80 99 91 38 49 92 29 84 85 9 47 82 23 7 20 23 78 99 40 16 16 53 55 48 68 38 96 84 6 82 46 1 5 31 32 11 42 50 77 44 94 72 3 21 12 81 58 89 55 69 36 20 89 65 17 96 17 29 64 4 
60 88 48 14 21 80 85 28 88 87 52 73 85 45 32 18 10 74 58 63 32 62 33 90 84 82 16 52 98 50 64 96 64 7 14 3 56 60 14 39 1 28 49 98 75 27 94 100 38 85 39 51 89 83 81 87 50 15 54 23 67 70 61 98 45 15 48 31 41 17 93 33 76 64 76 80 14 38 97 85 55 6 46 84 79 69 100 16 71 51 29 54 67 1 46 19 89 38 29 98 
83 11 91 18 19 96 8 80 85 91 95 19 76 67 28 94 72 95 65 61 10 42 17 88 89 100 41 79 84 71 34 39 85 52 7 50 1 51 29 87 37 86 73 83 0 28 46 35 69 9 57 90 33 37 83 25 41 23 87 23 56 55 45 87 5 1 11 90 27 50 46 72 62 7 82 56 50 5 54 85 91 91 18 36 26 14 26 71 19 13 93 14 97 23 23 29 63 30 52 20 
92 41 26 46 18 26 77 28 21 1 55 90 35 25 94 24 22 27 0 63 100 66 14 42 25 9 98 13 27 39 27 23 61 81 50 27 24 32 69 27 6 83 100 54 34 85 76 72 71 97 75 21 95 72 6 4 79 4 33 85 72 33 2 2 38 41 59 84 61 42 20 31 96 69 89 39 3 29 82 50 5 42 3 80 1 12 18 98 76 19 23 2 32 65 9 22 10 83 96 74 
2 16 17 59 47 32 72 33 66 49 40 10 27 51 89 21 60 54 19 49 82 43 83 99 16 92 47 43 29 21 37 64 99 90 56 31 19 12 89 2 24 43 31 87 21 61 70 21 52 47 47 67 41 43 13 64 93 32 4 75 66 10 52 68 33 72 24 13 16 55 86 47 68 15 32 6 73 95 21 76 16 6 26 64 88 48 75 88 78 64 72 12 22 95 72 64 18 59 91 38 
70 43 77 52 27 55 56 35 30 48 20 45 25 53 96 60 64 31 62 1 97 35 21 49 99 29 12 47 23 25 99 64 74 60 25 82 92 69 55 94 30 17 91 31 45 19 73 38 0 100 99 84 7 5 56 2 27 90 55 9 54 32 86 5 11 15 34 77 76 18 14 23 87 62 89 60 30 3 18 18 89 22 12 88 7 46 99 79 41 86 84 20 91 88 31 8 58 75 63 13 
99 62 84 55 82 45 86 30 22 35 51 74 33 100 68 53 51 3 54 27 56 88 94 16 23 11 35 80 78 41 99 75 85 0 56 18 88 88 83 60 13 30 11 33 23 57 36 43 0 49 67 29 15 80 5 6 89 8 36 89 45 51 74 14 50 9 14 39 25 55 61 45 59 74 47 67 51 65 34 4 16 17 53 43 90 2 43 23 59 94 10 26 90 78 41 33 9 26 58 8 
16 8 27 9 11 88 14 45 47 66 93 52 93 48 64 63 83 13 91 28 92 43 56 11 7 92 17 86 89 10 51 58 14 25 17 84 4 87 11 51 17 76 96 8 31 49 10 29 52 23 94 31 39 32 96 35 12 74 69 6 47 46 70 10 47 78 95 51 20 98 53 11 41 65 92 1 90 100 59 82 55 74 51 18 53 14 98 28 74 89 40 37 30 85 76 49 10 40 89 21 
39 38 29 73 13 54 58 93 59 9 71 85 36 17 34 92 45 57 33 6 3 7 19 82 69 62 46 7 11 25 36 68 9 48 38 76 9 74 1 0 70 50 54 83 40 42 39 11 49 50 10 36 88 93 40 92 28 28 7 76 91 85 42 53 41 6 6 1 61 92 35 23 83 75 19 28 49 14 55 68 0 4 67 27 66 100 63 55 80 14 54 5 73 41 9 61 16 34 95 85 
81 52 89 57 3 57 50 73 7 41 3 83 57 97 34 27 16 0 95 69 5 58 98 86 60 74 88 4 70 64 2 49 93 61 44 93 85 23 89 12 33 33 44 40 32 44 88 82 10 37 31 4 13 100 31 80 28 94 54 83 21 28 15 23 34 73 32 67 94 11 77 35 35 98 76 53 40 1 14 86 97 41 1 14 23 48 99 21 86 39 49 3 99 35 94 47 42 76 87 1 
43 97 18 49 26 16 52 51 79 24 36 2 23 88 33 47 90 6 60 5 63 51 21 31 54 45 69 41 32 70 3 30 32 84 11 80 39 0 42 72 82 57 11 68 17 3 93 84 40 77 85 72 34 79 9 24 31 6 74 37 19 92 9 76 96 60 36 90 18 100 19 75 33 65 81 37 53 46 76 35 38 33 58 16 89 79 66 17 51 71 1 70 43 91 90 91 37 65 68 22 
98 67 58 19 35 48 3 91 57 36 33 12 70 89 40 10 57 1 83 89 87 94 55 75 16 6 25 4 100 66 21 86 26 41 56 99 5 20 88 21 28 0 55 76 9 94 41 13 50 97 45 50 25 76 21 70 37 76 34 78 86 39 38 64 33 5 4 93 57 93 95 66 17 33 94 68 81 35 62 66 87 86 4 64 17 89 84 69 3 25 15 18 77 94 78 100 2 20 2 59 
45 90 14 22 76 48 29 67 12 91 11 53 94 18 8 12 41 43 81 61 13 77 0 19 76 99 4 44 60 11 93 56 75 63 79 93 21 67 21 82 4 17 65 88 6 39 74 67 77 48 73 23 96 100 85 6 11 59 94 48 66 94 30 10 90 89 32 51 84 83 84 39 27 15 32 32 35 39 90 38 97 54 9 76 61 59 18 52 44 89 28 55 19 0 13 17 25 99 91 89 
32 90 99 82 9 88 25 26 52 48 66 25 65 70 16 97 78 29 99 66 48 50 7 96 26 22 100 86 75 28 73 80 53 45 5 26 1 3 15 31 33 90 23 39 80 10 52 22 65 9 1 41 52 66 31 60 63 80 66 96 59 76 20 82 24 66 74 100 95 3 34 87 78 98 67 5 65 49 98 36 71 68 56 32 19 64 48 49 20 20 32 2 76 25 14 18 48 37 22 38 
15 48 100 71 97 8 72 56 39 7 10 62 97 68 92 29 57 10 70 60 54 95 68 47 72 72 77 91 66 11 40 72 2 57 46 58 2 2 54 13 66 22 47 83 17 99 38 40 47 53 13 75 31 23 80 4 38 88 19 29 93 18 3 63 23 98 45 98 86 5 77 47 42 4 16 8 5 21 16 66 72 6 31 33 8 2 57 54 12 58 69 24 50 3 53 57 78 7 0 8 
9 73 20 37 75 4 75 29 11 72 59 76 48 67 55 50 57 48 62 80 64 35 48 77 88 23 45 67 27 32 67 61 34 7 14 56 84 40 1 63 61 72 96 64 43 71 76 75 81 45 65 41 50 90 98 38 62 50 34 12 39 38 68 5 42 79 33 92 3 68 60 56 71 60 65 51 38 97 13 15 93 88 73 87 92 13 84 25 90 88 10 75 47 9 92 13 34 16 89 74 
8 67 25 4 20 68 51 13 13 84 71 8 96 4 49 76 83 96 3 96 85 65 50 61 66 69 42 26 9 98 97 23 56 64 13 27 92 37 100 24 9 32 96 100 36 67 8 85 52 31 17 93 38 95 44 14 70 53 69 84 1 94 34 40 11 37 95 57 72 31 38 3 56 6 26 59 93 54 3 63 85 16 11 13 5 67 20 42 14 38 41 89 78 55 35 62 34 67 80 41 
33 91 41 24 90 69 67 54 19 23 94 63 68 51 45 52 72 84 45 47 70 50 25 96 4 57 96 5 28 95 17 2 6 59 76 71 87 60 48 38 62 29 74 40 59 30 60 77 4 31 35 56 5 96 74 44 9 33 96 29 33 75 0 60 57 97 79 56 23 5 78 94 13 76 74 53 80 90 89 31 69 42 82 36 37 16 78 57 16 86 11 55 30 34 82 70 72 55 80 44 
79 0 44 14 74 42 81 8 61 44 45 33 69 74 56 68 38 42 12 86 84 19 24 85 66 77 16 78 37 95 23 70 12 88 69 82 10 34 44 20 74 92 44 95 78 36 27 79 52 67 1 21 63 54 92 93 13 62 44 36 47 80 11 80 28 15 14 68 98 58 25 2 34 22 74 10 66 62 91 86 0 73 11 22 72 95 80 82 97 30 99 82 78 91 50 6 74 98 96 5 
16 99 43 88 20 76 32 72 19 67 90 57 9 45 62 50 68 81 80 49 14 48 55 47 94 58 86 15 72 48 82 96 90 37 12 25 35 15 93 74 14 47 66 75 58 64 85 81 5 98 13 8 22 66 99 27 67 71 54 68 91 17 52 23 76 24 98 61 39 75 69 60 69 9 100 17 70 13 51 21 59 32 46 95 97 87 90 95 50 94 6 87 83 27 81 9 60 22 96 62 
49 52 67 27 60 85 46 82 98 47 62 22 32 68 89 90 94 77 34 54 16 63 35 56 3 6 57 82 75 9 8 86 36 72 100 62 87 80 95 78 84 82 20 26 29 44 61 82 4 25 92 94 89 4 14 30 95 97 80 45 79 37 94 7 79 18 56 71 39 78 2 85 15 5 2 76 52 66 81 59 9 79 39 21 58 18 100 0 59 56 11 55 90 63 39 24 41 59 65 41 
30 40 1 65 84 57 42 79 12 11 6 56 49 91 11 25 24 80 1 26 90 86 2 95 74 27 58 65 32 3 37 99 12 47 92 43 92 28 58 30 92 64 54 26 75 9 87 67 62 14 3 100 68 61 27 59 93 7 76 88 99 28 42 1 77 24 33 63 12 33 85 85 34 66 6 61 34 21 31 62 74 78 90 75 72 14 4 38 92 98 7 26 60 68 9 86 10 91 65 89 
44 79 51 67 24 42 60 68 77 86 17 21 32 61 23 61 91 5 97 16 51 37 39 98 1 81 77 18 29 24 28 14 32 33 40 5 94 96 6 1 95 91 71 66 5 51 67 9 62 97 99 88 7 49 78 21 52 43 60 37 25 13 51 79 81 87 21 11 50 36 83 28 61 59 61 63 82 94 21 51 54 37 80 85 89 0 1 8 65 32 24 29 59 67 27 16 49 46 83 4 
42 16 67 12 86 86 3 15 43 34 47 16 84 41 83 23 4 55 25 15 72 69 44 80 27 36 79 1 22 73 71 85 74 20 56 17 93 30 4 42 64 0 60 98 82 52 3 91 31 32 15 48 9 33 18 29 29 8 57 95 75 11 83 74 57 43 1 61 5 3 53 63 99 36 31 8 52 33 38 77 32 69 92 22 26 18 0 68 49 79 20 59 30 48 80 78 10 22 49 43 
1 17 60 63 41 84 50 26 33 85 29 33 61 60 84 90 34 88 87 25 49 94 15 6 51 4 90 80 46 53 32 79 23 93 85 57 7 68 67 51 26 1 24 70 40 70 65 93 20 39 57 19 26 43 48 53 69 90 84 26 31 95 39 25 34 24 93 10 30 77 85 55 79 28 22 80 49 71 48 89 84 5 44 83 93 32 16 44 17 77 89 15 12 24 75 14 75 23 8 82 
72 56 68 76 89 92 73 2 24 56 23 89 30 77 57 50 99 28 73 41 94 63 90 10 90 35 4 16 72 67 83 71 9 89 43 45 60 94 64 11 24 24 54 51 83 64 7 1 67 85 85 53 96 56 28 80 27 37 61 19 46 77 15 60 22 92 68 92 20 91 0 70 34 75 94 93 47 77 22 27 50 98 80 98 83 78 8 18 14 33 96 29 35 41 77 40 82 90 72 20 
12 40 36 79 5 26 0 9 19 51 33 48 71 4 13 76 50 18 23 74 76 67 10 79 64 30 67 50 81 44 81 35 52 8 18 56 84 10 85 74 53 100 50 15 70 9 9 95 60 30 8 24 44 8 82 49 31 97 52 4 91 36 62 53 38 26 23 62 43 73 19 73 73 6 19 18 100 41 15 38 10 32 40 64 15 56 23 62 91 75 74 79 64 39 84 45 44 22 14 81 
42 11 65 63 34 36 76 56 95 22 48 0 52 37 0 92 19 17 60 40 43 20 36 88 53 59 60 71 19 68 86 52 44 100 29 90 21 27 29 88 36 50 67 48 45 56 71 79 19 9 90 99 66 6 55 40 78 44 72 3 55 27 9 58 27 6 12 86 31 43 75 51 38 4 11 38 83 62 99 35 19 11 65 5 10 3 39 40 92 47 12 57 99 53 64 85 57 90 7 92 
39 14 66 22 63 69 92 96 26 37 54 14 21 31 13 88 52 35 0 92 33 87 7 90 6 23 51 4 50 97 2 59 14 32 8 64 31 48 20 24 13 39 55 65 80 43 11 89 65 83 40 76 85 98 19 50 60 22 47 90 90 48 76 19 11 47 43 84 1 27 25 75 30 74 51 3 90 83 25 24 52 45 59 70 96 64 75 82 75 32 69 41 82 51 5 74 55 85 76 38 
14 64 83 66 33 5 73 27 33 90 69 52 78 31 45 21 11 36 2 11 80 92 45 6 73 2 25 56 97 21 98 89 21 64 61 12 85 79 15 14 76 87 87 77 65 60 63 8 12 100 35 25 41 91 94 35 98 50 99 81 86 22 30 62 7 89 21 8 84 81 27 79 74 43 75 93 58 53 100 92 16 6 28 49 15 76 63 76 28 34 20 27 0 11 63 46 51 54 41 88 
41 25 91 71 5 52 90 98 96 25 59 46 1 86 23 48 89 16 40 84 59 74 80 53 53 84 61 42 49 42 55 1 9 39 25 92 46 74 99 95 47 7 0 39 81 76 95 87 87 93 61 7 97 45 49 87 69 49 33 93 40 25 96 64 96 52 8 20 67 29 62 92 14 90 62 23 41 22 45 41 42 21 14 26 16 83 93 11 75 47 69 77 8 22 39 5 95 47 45 16 
45 5 43 86 80 81 99 12 67 4 91 80 6 51 58 9 24 0 83 13 46 46 40 42 69 64 71 31 28 31 0 19 24 32 55 59 47 1 24 22 79 12 80 46 77 26 100 43 30 40 40 32 96 92 62 50 25 1 64 82 55 64 34 34 4 92 35 24 86 18 96 22 36 10 30 64 85 55 70 54 76 8 50 62 36 89 70 24 22 81 19 33 1 69 63 57 16 27 58 9 
31 54 90 63 60 71 99 94 55 84 69 78 48 70 95 13 78 81 22 75 37 81 81 77 29 64 60 2 74 48 40 74 53 52 77 78 62 2 54 47 19 62 93 59 92 1 18 88 96 64 90 66 91 89 42 29 24 34 81 62 31 64 13 36 91 66 53 12 91 30 61 15 89 72 3 58 47 79 98 51 99 46 20 86 72 89 90 40 1 20 47 54 52 90 45 3 94 79 24 89 
95 94 90 10 20 24 92 93 83 84 92 98 90 41 4 25 62 84 80 82 5 10 57 55 42 58 53 46 17 10 88 44 8 58 52 51 25 95 33 49 41 7 98 38 33 93 96 7 3 30 3 53 61 18 88 74 58 86 78 66 36 22 39 34 79 82 21 3 51 29 80 33 60 19 25 5 91 3 42 35 3 32 13 71 78 35 47 49 45 70 95 10 83 52 78 80 54 74 69 26 
94 28 82 46 71 100 43 90 91 7 89 88 56 45 68 35 98 45 45 71 64 0 27 93 78 27 82 98 91 27 44 95 73 59 98 14 49 90 9 47 59 72 31 40 38 3 23 93 88 65 75 25 91 40 98 23 10 37 47 43 50 100 75 36 54 10 17 15 14 5 85 12 3 48 81 18 63 17 92 80 27 48 37 67 16 56 59 57 95 31 86 11 68 29 44 59 9 73 29 31 
14 85 21 27 74 41 47 97 68 71 19 86 41 58 48 6 37 15 65 54 39 73 62 58 49 55 68 75 59 19 60 67 18 74 100 100 98 51 100 43 38 63 85 90 33 49 21 68 58 73 21 76 7 34 59 76 54 35 73 41 27 69 51 58 79 42 95 65 6 62 84 36 72 42 29 45 81 11 2 88 14 23 22 39 99 22 68 28 0 32 78 77 2 59 49 76 43 100 44 3 
57 80 37 96 36 71 28 20 29 88 7 20 26 82 51 57 69 9 87 68 15 26 94 29 22 79 86 70 84 2 52 75 74 34 33 21 64 4 59 4 19 63 12 18 82 44 63 44 86 71 27 86 22 81 24 84 50 41 95 17 69 44 49 95 4 11 30 37 21 86 54 37 96 5 16 49 93 7 92 73 81 35 14 33 26 32 21 89 68 58 52 61 12 26 70 52 10 19 46 90 
39 16 86 17 15 51 27 54 57 20 68 16 3 63 29 16 36 96 43 68 17 31 66 66 12 40 80 44 53 16 93 54 58 83 97 100 48 77 38 7 78 11 65 43 38 20 96 5 19 36 39 50 18 33 66 100 6 12 88 25 35 93 37 54 24 49 80 91 34 35 27 11 2 29 93 72 36 92 18 25 5 100 94 56 11 66 48 12 12 39 68 13 26 41 58 2 87 67 43 63 
43 77 3 5 87 36 54 18 33 71 100 2 57 60 50 99 86 33 98 97 43 82 7 96 76 10 86 20 44 69 4 90 38 50 49 53 38 46 32 56 12 38 32 16 53 52 35 29 35 53 100 40 66 83 6 68 91 46 100 20 57 11 67 96 74 24 36 61 23 49 1 29 68 32 64 28 15 8 5 20 76 4 43 23 92 61 4 94 42 100 32 74 52 59 99 60 64 63 55 25 
25 72 94 49 36 44 42 80 93 97 91 89 77 63 26 10 45 84 90 94 63 78 54 86 91 31 87 65 41 0 85 37 50 39 77 46 45 76 32 61 72 85 88 60 92 48 48 68 80 40 62 100 49 7 1 10 83 2 12 79 96 50 17 55 11 22 7 96 52 32 0 52 83 77 94 90 87 64 86 66 74 75 94 82 77 91 62 28 13 43 16 52 26 83 32 23 55 99 100 40 
13 47 91 86 25 73 42 16 51 44 57 47 65 63 30 43 90 44 10 90 36 99 7 39 3 71 2 51 74 76 41 33 7 23 70 1 9 49 77 67 63 81 67 0 16 40 88 41 44 23 52 1 50 48 18 6 95 41 69 43 12 97 55 34 82 82 11 77 46 58 11 35 19 82 85 100 50 66 15 77 2 92 68 48 78 89 93 52 55 64 35 63 83 49 84 1 80 58 68 46 
10 62 72 74 44 29 64 58 55 49 6 9 15 15 92 12 57 79 17 19 92 45 3 21 88 67 27 17 99 25 26 13 52 44 22 70 19 41 15 70 0 5 95 88 19 18 93 12 3 28 98 90 35 87 25 67 94 70 16 39 43 80 2 12 24 67 67 5 29 78 81 69 28 21 22 22 59 96 6 19 95 2 58 57 97 94 88 43 85 3 43 37 65 53 83 6 81 7 0 64 
25 2 4 31 26 33 27 44 82 98 88 92 23 85 9 65 10 33 58 18 99 49 23 31 29 38 59 35 20 9 52 65 56 79 86 77 84 69 77 82 74 48 55 24 68 90 73 72 63 89 49 41 74 29 15 43 9 54 29 0 40 33 95 8 52 28 72 96 92 39 27 97 89 30 10 70 44 14 46 8 41 62 59 36 6 32 23 59 3 11 100 91 82 60 64 44 0 57 100 57 
26 61 52 100 38 18 71 62 89 44 14 39 67 11 76 80 52 68 36 86 26 87 93 73 64 42 14 63 41 68 51 61 19 40 83 38 86 11 84 65 65 47 12 80 61 30 97 99 31 10 84 13 47 16 75 65 79 97 55 94 61 92 95 91 55 67 19 96 2 4 100 65 11 48 24 68 63 24 86 77 77 42 18 9 80 9 38 84 71 84 29 17 87 60 17 57 34 19 64 41 
