100 100
79 82 75 21 77 78 0 89 35 31 44 9 70 42 5 36 45 86 6 96 14 10 76 13 61 20 22 24 8 91 15 78 30 15 21 58 56 41 90 0 5 78 47 15 6 14 79 96 38 96 13 19 30 39 3 73 87 74 34 61 9 46 62 85 47 5 21 32 70 75 59 3 92 9 67 45 11 49 19 35 94 43 71 22 56 86 11 30 5 51 16 84 83 73 57 89 36 64 63 41 
4 39 26 21 68 29 63 9 61 28 61 25 100 41 53 75 43 67 46 82 22 55 36 74 100 22 9 94 86 49 39 40 75 88 13 76 30 7 70 19 12 56 81 36 12 12 56 46 5 13 73 64 85 5 37 5 43 83 46 22 66 0 2 83 69 50 49 69 46 11 66 33 16 96 72 35 84 28 54 90 12 52 38 31 57 12 68 26 36 73 8 64 93 68 55 19 76 44 87 55 
26 41 50 13 16 16 37 25 90 87 55 3 47 98 61 65 14 60 73 27 26 69 7 69 37 37 66 86 50 7 100 97 13 83 1 98 61 9 52 96 86 1 26 36 16 89 13 33 77 54 2 51 100 96 52 27 58 9 54 83 65 56 82 46 6 16 93 95 65 29 51 71 39 74 41 81 65 44 15 35 81 75 3 8 19 88 64 11 17 12 45 19 29 22 25 64 36 99 96 50 
0 20 46 67 78 29 37 72 86 13 72 82 21 20 11 75 46 77 20 69 100 12 96 85 59 46 85 8 53 77 63 4 60 30 90 50 32 90 84 74 25 66 58 100 5 71 68 43 70 54 46 29 13 16 6 82 22 52 27 81 54 38 71 35 16 89 10 88 84 33 88 28 40 93 3 11 6 66 24 59 7 51 89 9 62 67 44 86 66 5 87 51 92 98 57 50 71 30 93 72 
14 89 29 29 53 87 56 19 77 8 87 61 4 2 51 14 64 91 60 65 84 68 11 8 67 32 41 28 61 76 74 92 23 86 6 23 91 4 93 23 1 39 98 16 90 99 47 10 84 71 12 33 32 62 76 100 2 39 7 31 4 87 7 57 76 91 75 34 56 47 53 21 20 79 29 15 22 21 97 66 8 96 6 70 35 19 86 71 22 33 15 90 31 50 13 63 86 24 40 1 
81 72 28 28 7 21 74 48 7 6 10 43 40 67 10 76 71 12 83 17 3 79 10 19 4 4 6 52 29 77 40 41 37 14 87 50 95 65 47 40 60 1 27 44 74 19 19 7 35 85 42 88 89 32 96 53 81 69 27 84 11 0 66 98 57 75 34 82 4 71 97 61 28 6 15 99 72 94 69 39 68 3 94 2 68 32 83 21 72 28 71 72 85 12 90 81 53 16 99 96 
39 7 51 57 35 67 45 52 9 78 5 30 95 70 13 3 64 58 0 20 75 81 72 100 87 53 38 3 40 86 68 3 52 11 62 68 58 63 41 37 34 20 52 40 40 90 3 76 92 6 17 22 53 45 92 97 80 89 34 42 38 81 1 38 98 25 37 13 8 40 79 46 33 74 22 92 56 57 28 79 4 9 95 29 67 90 79 9 25 22 75 71 13 19 90 9 12 3 14 0 
32 98 37 36 80 83 33 51 8 82 76 60 51 64 45 71 22 3 44 19 21 54 12 29 9 28 17 35 20 99 74 11 86 67 55 85 13 2 98 71 99 21 68 81 59 61 52 56 52 67 83 86 71 47 45 90 42 57 97 75 82 17 36 99 19 77 25 21 16 88 12 87 78 58 85 13 22 58 75 32 51 66 93 2 19 71 33 80 85 65 13 57 95 10 10 81 80 86 98 28 
92 86 25 87 28 27 47 64 12 13 77 95 73 83 13 26 93 4 66 34 15 84 26 49 23 0 62 34 75 95 82 69 83 41 79 46 69 81 56 44 86 90 3 61 40 78 88 16 77 76 46 28 83 85 66 29 44 84 80 23 91 59 16 82 89 99 9 23 54 62 90 39 83 33 76 33 99 94 63 62 78 49 1 41 30 19 41 59 5 74 59 34 51 55 98 100 8 98 59 24 
75 69 13 11 68 21 15 37 94 13 94 78 34 20 60 87 38 16 24 88 57 74 5 49 61 20 52 4 30 14 62 89 40 75 70 41 77 44 65 66 27 14 71 9 58 65 22 57 82 8 72 68 51 99 18 9 17 14 64 79 38 2 83 92 92 95 40 40 52 15 6 95 25 59 25 1 21 89 97 17 60 92 0 48 25 100 50 21 60 21 19 47 38 60 43 20 44 65 32 78 
40 20 33 83 44 14 47 12 1 51 41 17 74 39 88 10 100 82 1 77 36 58 97 77 67 17 53 18 34 53 27 70 66 12 20 65 35 85 83 24 69 53 59 34 34 91 9 78 4 89 21 96 46 28 28 87 31 90 27 18 75 97 14 96 81 96 58 100 52 50 65 51 41 88 56 62 14 25 93 2 70 86 33 93 46 66 34 76 52 56 94 76 53 17 18 55 76 13 66 30 
94 48 39 90 38 61 53 19 24 46 84 73 93 71 82 11 92 80 39 76 94 76 12 64 25 51 1 6 5 79 89 26 3 80 37 42 14 28 41 85 73 53 66 21 79 84 19 10 23 77 92 13 17 34 66 25 27 78 46 48 59 72 14 41 66 43 34 4 13 88 2 36 66 9 24 74 61 29 68 9 65 53 37 31 17 45 97 7 31 46 77 23 74 50 100 67 21 23 43 49 
0 86 21 9 97 26 79 58 51 7 87 84 9 12 98 77 11 39 49 32 57 31 81 5 92 62 9 97 9 82 70 79 90 82 5 39 41 58 92 19 4 42 29 77 74 26 86 1 98 11 97 75 1 62 84 57 11 73 51 44 18 12 16 54 8 49 54 11 70 50 42 58 76 100 42 4 89 13 18 99 64 42 78 51 61 74 76 30 97 13 47 90 66 16 78 50 37 47 32 51 
48 66 53 11 58 81 18 87 38 9 94 98 62 46 91 94 26 40 0 1 31 46 51 37 77 29 17 93 21 36 40 38 24 68 14 33 19 3 8 86 0 80 54 60 83 80 24 85 11 1 83 31 93 90 25 46 38 30 6 22 35 27 90 89 79 32 80 42 19 60 66 99 10 49 25 47 63 47 7 59 93 17 97 98 10 40 43 46 40 57 41 14 16 43 34 65 39 28 15 56 
74 97 83 31 96 83 18 50 26 92 12 16 21 39 31 22 79 99 99 37 67 50 82 18 93 78 47 27 65 70 86 41 19 100 26 86 23 16 54 17 71 18 12 58 23 67 85 80 32 54 9 91 96 11 98 39 94 11 27 40 78 55 60 18 93 6 75 46 94 57 50 24 44 60 73 16 14 88 59 94 61 88 37 21 98 26 91 38 60 39 38 68 98 8 18 48 84 65 29 95 
83 82 1 72 27 41 38 26 58 24 99 86 11 26 80 54 49 67 78 81 28 71 66 10 96 72 99 5 68 61 75 16 26 31 62 51 10 12 36 61 74 2 0 14 8 16 63 15 34 0 51 78 74 67 41 43 65 38 64 33 28 22 46 2 65 30 56 45 40 69 53 50 80 31 33 68 4 79 25 90 68 93 21 23 20 33 74 0 21 62 59 86 35 27 87 53 4 19 92 37 
79 13 20 17 48 33 0 84 96 92 53 26 9 48 65 59 54 11 100 21 87 58 14 76 66 93 95 91 46 9 45 32 57 34 14 87 93 25 0 40 74 86 11 32 13 22 80 46 32 70 27 60 71 92 70 99 22 60 95 48 60 9 51 28 36 92 100 7 34 21 72 63 5 34 52 36 51 71 35 84 1 15 89 40 51 20 94 30 64 36 87 48 76 9 52 97 40 60 56 47 
6 65 66 4 86 51 72 65 21 80 96 64 61 10 13 54 11 72 20 22 11 63 41 59 13 26 93 73 61 24 97 66 25 10 85 100 67 97 6 88 77 9 65 44 5 35 46 30 68 83 75 34 52 84 83 11 34 3 0 34 75 37 13 28 30 85 81 65 17 70 67 91 65 51 68 28 95 57 92 40 1 43 89 82 11 19 64 70 26 22 19 66 50 35 69 47 72 35 15 92 
59 29 34 22 33 80 52 1 10 71 66 32 20 100 86 21 39 46 29 25 81 69 56 67 82 91 45 23 83 84 18 82 24 84 19 52 12 10 95 82 91 0 33 10 74 81 61 88 31 42 80 6 48 56 70 21 27 22 39 39 59 6 33 56 23 38 32 90 36 94 84 29 91 43 41 54 38 70 18 47 21 29 91 7 94 95 90 3 54 75 20 91 85 34 98 62 87 16 94 7 
19 74 12 49 62 41 6 76 38 46 32 100 26 56 14 25 23 49 33 48 15 87 35 30 61 51 48 68 13 17 89 80 85 88 17 14 89 56 75 80 38 52 87 22 19 16 14 2 2 42 74 75 56 46 81 59 94 90 5 0 88 11 46 52 69 18 6 82 69 97 0 30 60 92 58 90 65 47 51 38 4 47 97 4 51 91 51 92 49 7 94 97 64 89 77 66 36 52 81 75 
42 31 58 60 95 15 94 6 17 24 42 78 75 44 85 72 9 44 93 44 38 89 28 90 96 85 8 99 36 4 36 82 89 53 32 45 24 38 97 34 62 11 49 44 86 20 34 62 75 38 3 65 66 31 10 80 40 82 47 80 85 84 90 47 45 45 9 33 2 39 53 10 100 69 12 97 52 70 97 46 12 35 89 38 10 23 62 95 13 90 14 46 4 13 67 43 65 95 19 91 
2 30 16 60 98 44 99 42 77 0 55 75 70 31 33 49 9 11 87 46 10 21 24 74 74 30 65 26 52 80 81 30 40 63 89 69 19 31 11 60 22 59 81 25 35 49 41 53 39 60 6 6 87 99 44 27 88 14 95 12 86 56 17 10 4 61 30 17 94 95 57 0 93 96 95 75 100 4 36 46 89 61 35 53 73 53 33 47 0 2 24 97 11 88 5 29 15 67 47 59 
67 22 78 70 36 61 46 14 74 55 83 79 67 34 7 25 40 9 3 58 28 99 25 99 84 78 87 68 80 57 4 44 53 51 86 27 43 76 49 36 11 94 81 18 99 90 3 65 0 14 25 11 30 59 94 11 23 23 98 79 41 38 72 80 79 39 7 3 46 18 78 0 71 65 58 4 70 90 0 45 55 46 98 96 67 9 13 100 34 33 7 71 78 38 60 81 10 38 21 25 
47 3 51 56 47 6 48 18 29 79 22 89 71 30 60 71 38 34 99 40 63 68 52 61 92 7 44 41 69 61 80 30 52 84 39 51 69 60 94 90 11 95 37 74 82 39 52 92 58 43 96 78 63 73 85 3 83 71 76 67 59 97 14 5 60 15 69 24 6 86 98 32 67 0 47 42 59 2 83 80 0 92 25 0 99 77 76 29 97 81 27 64 11 49 99 71 47 31 14 2 
34 74 3 22 25 9 35 48 8 68 58 94 30 8 64 68 8 43 51 38 0 80 92 43 19 28 43 30 41 34 18 9 49 54 42 72 54 45 47 76 69 0 62 63 18 78 55 63 60 1 59 65 49 90 76 59 40 71 64 8 72 77 39 11 74 19 21 59 13 70 47 77 15 37 14 80 44 17 90 92 34 99 96 12 85 58 65 88 54 12 60 66 85 45 22 90 48 40 8 32 
79 16 46 19 61 60 41 100 36 54 33 61 67 43 68 79 97 20 98 29 96 33 12 19 76 48 52 13 72 92 53 15 62 59 56 78 0 86 0 24 35 30 86 69 47 31 66 76 11 58 11 26 28 62 56 81 95 63 88 30 71 18 64 19 38 11 55 56 86 50 37 87 8 55 8 56 15 3 34 17 10 5 96 7 40 100 35 14 54 12 8 7 98 66 99 69 54 35 59 81 
42 4 11 8 55 91 97 46 9 56 76 89 32 72 7 12 97 99 92 76 35 4 100 72 39 52 46 32 90 61 60 38 31 58 45 27 53 93 14 4 6 72 62 91 96 16 8 23 92 23 90 17 47 17 93 45 28 76 97 24 74 76 34 86 81 39 40 99 15 92 93 52 74 20 0 95 72 5 12 3 71 59 65 82 66 12 97 22 82 68 89 9 39 37 21 59 78 98 22 92 
38 81 55 58 68 2 47 66 79 39 44 16 81 83 10 95 47 5 33 44 75 62 84 46 66 53 71 87 88 20 4 61 58 71 60 53 58 8 35 70 51 32 99 44 32 43 42 50 38 37 44 78 24 71 69 56 3 64 13 4 22 37 80 60 18 10 65 85 35 61 46 44 27 50 64 18 79 43 63 82 22 12 30 67 46 12 1 20 95 71 96 74 67 31 24 62 30 8 51 3 
22 13 52 75 11 17 26 38 12 34 57 43 52 6 42 69 70 96 88 0 53 94 56 31 91 24 36 76 83 58 24 30 38 79 26 34 62 75 54 43 13 11 37 73 67 67 87 96 59 36 40 83 24 100 52 30 82 18 7 87 83 67 63 19 42 1 47 80 56 60 19 36 7 70 57 32 2 68 2 88 38 5 96 78 6 6 3 14 36 4 45 38 6 95 77 42 79 16 49 43 
75 47 94 61 55 6 37 65 38 69 90 98 99 81 91 68 15 81 41 87 43 7 58 62 78 10 34 72 12 24 77 92 86 93 53 20 29 92 96 39 48 68 66 61 94 22 42 54 11 92 56 35 73 95 38 35 65 30 34 35 88 79 15 8 99 67 47 85 80 30 21 33 1 52 37 17 65 45 68 39 41 49 24 19 68 49 15 22 61 2 8 15 6 51 64 77 71 96 69 24 
8 20 84 87 8 29 11 62 96 62 27 86 7 88 91 63 27 23 99 10 26 74 21 29 48 34 83 29 5 72 95 48 94 52 36 43 86 66 76 100 77 61 57 68 10 48 43 11 18 24 26 69 19 51 50 100 57 63 25 74 45 85 60 71 35 22 86 46 59 40 98 33 64 62 61 13 70 75 29 23 42 92 82 58 58 29 59 14 9 61 37 10 48 70 71 95 75 55 1 13 
81 83 41 91 82 71 43 62 92 56 84 43 68 78 85 19 27 49 2 25 57 54 97 44 85 27 73 33 37 35 88 57 54 71 41 13 85 78 28 75 28 73 79 17 30 10 60 29 71 51 98 81 72 90 92 24 8 39 46 9 54 16 10 83 87 87 30 14 67 74 34 68 42 32 82 58 16 74 13 98 20 20 29 6 25 67 16 30 60 62 61 85 67 72 52 49 27 79 57 57 
63 51 47 3 37 80 82 20 15 4 95 72 21 67 11 13 74 39 49 11 84 6 92 76 58 57 1 76 28 17 89 68 75 24 40 12 32 9 52 72 84 56 11 38 57 65 55 62 56 45 98 24 40 85 52 34 77 91 82 67 90 32 80 60 24 47 71 48 18 80 59 30 40 42 71 63 97 8 53 88 16 57 97 18 69 58 61 59 7 9 48 62 39 99 15 85 54 80 39 56 
53 27 74 82 77 89 84 82 82 39 68 39 45 2 82 3 74 6 71 25 71 5 43 35 59 16 79 22 58 60 42 22 72 66 23 64 11 94 86 31 53 69 59 89 20 64 15 65 37 52 56 77 90 39 76 82 74 81 52 14 10 9 72 12 32 93 47 5 0 45 32 2 8 61 16 1 59 53 9 61 5 54 42 92 2 87 92 71 74 89 98 8 29 69 100 88 21 28 70 86 
3 75 35 44 95 80 12 18 65 46 4 92 37 99 72 25 53 26 0 69 25 59 5 8 19 69 20 61 88 73 94 89 92 60 43 57 71 11 4 49 46 94 85 66 79 82 76 19 89 79 88 48 65 95 75 43 21 82 26 45 93 92 23 53 62 4 99 99 50 58 53 66 43 41 66 77 12 19 54 33 72 30 4 90 66 72 0 34 0 45 9 26 98 37 23 0 62 83 87 67 
67 86 54 6 30 100 77 14 35 27 7 62 17 23 73 97 46 30 57 75 33 41 17 14 20 51 54 46 93 11 79 2 80 60 36 56 2 95 78 57 13 73 36 40 77 9 65 51 35 62 73 84 56 65 17 48 41 49 76 53 87 1 99 94 77 77 75 56 40 79 24 96 71 77 15 7 93 38 85 64 100 65 45 98 3 20 97 4 74 63 80 22 0 70 13 2 69 26 0 80 
46 77 56 76 28 47 54 75 98 50 89 59 26 22 63 30 20 29 66 71 15 6 87 70 51 27 98 58 13 40 70 40 71 32 79 53 45 59 20 45 15 2 60 85 21 98 21 51 79 14 74 83 25 66 56 49 99 27 40 36 86 8 73 36 28 50 93 0 75 1 12 5 93 19 80 0 17 65 38 35 96 64 72 17 9 16 62 70 20 80 17 34 79 9 46 13 13 91 38 86 
45 81 98 21 97 92 31 38 23 85 62 67 82 96 32 76 34 65 95 90 67 48 21 48 75 28 22 80 86 3 75 2 3 11 2 77 69 95 11 63 59 92 14 73 14 28 1 50 44 31 50 43 98 25 2 9 7 63 50 55 48 30 85 42 22 15 10 71 55 28 26 0 64 11 17 19 75 45 9 17 42 82 72 60 49 42 66 52 12 2 84 37 80 73 66 4 44 84 3 27 
51 37 33 9 7 72 10 85 52 39 97 0 60 25 30 59 82 52 24 54 61 0 70 32 2 29 44 97 10 84 63 67 44 45 31 95 12 53 4 54 95 99 17 61 88 82 49 13 84 38 18 24 25 27 42 90 76 46 26 37 73 57 56 2 45 22 0 90 25 44 42 40 2 4 47 72 78 86 12 35 16 87 86 12 60 75 28 46 67 45 17 3 98 97 47 64 58 24 70 9 
0 100 29 86 45 94 81 53 38 56 75 71 81 91 89 62 61 66 86 0 85 80 68 31 46 60 97 10 95 81 31 89 26 97 58 50 46 26 23 15 18 40 54 68 82 83 86 90 40 79 63 90 95 39 78 74 40 2 94 15 96 21 86 45 79 32 64 97 7 20 29 100 13 24 93 31 40 67 59 43 20 24 78 19 52 80 64 60 40 54 36 13 32 47 70 37 29 41 97 37 
91 34 15 5 21 34 29 17 72 80 32 89 5 76 34 72 64 24 55 16 39 20 0 67 100 20 55 84 40 47 56 77 50 35 4 32 21 24 19 52 74 73 31 92 81 82 55 58 90 89 49 7 39 67 56 41 50 92 36 70 63 68 7 59 85 99 60 95 40 31 33 55 11 49 27 70 94 48 66 77 81 82 92 57 69 31 3 43 9 8 48 16 83 50 46 65 37 67 4 59 
41 76 84 0 33 56 90 94 12 62 46 52 7 38 67 67 62 91 54 67 18 60 76 74 64 37 11 55 17 79 75 59 41 69 88 11 10 0 33 69 94 2 56 39 51 3 54 91 23 52 46 82 12 32 88 22 37 66 0 56 81 12 35 56 0 83 77 24 3 62 21 65 7 66 60 7 23 34 70 61 81 49 49 20 40 24 95 26 90 96 34 50 65 66 27 15 11 11 90 5 
66 69 2 100 94 2 15 53 18 5 60 87 40 34 3 15 87 63 17 36 86 75 88 10 29 64 89 94 74 75 3 50 25 52 33 26 98 49 94 0 81 39 23 86 10 40 58 58 79 92 47 11 63 7 98 53 4 13 19 37 82 74 19 19 74 95 61 7 52 39 92 54 22 52 46 64 7 9 3 36 83 10 53 67 28 81 36 26 87 53 39 43 10 1 45 80 60 95 39 46 
19 87 20 13 71 69 38 19 28 94 78 29 10 99 95 41 0 97 70 53 20 94 75 52 65 48 99 84 11 35 25 55 7 18 69 14 40 61 16 63 61 99 64 70 95 74 50 68 6 5 40 26 67 79 61 73 89 93 30 27 58 11 38 18 94 30 63 5 44 60 13 78 54 67 95 4 86 58 28 61 31 24 28 75 62 31 19 8 46 44 4 17 12 95 64 36 6 83 12 69 
85 83 26 51 34 88 91 47 82 2 65 44 93 26 33 26 28 25 70 82 36 1 24 48 37 66 10 70 10 99 25 9 77 67 95 48 29 28 93 78 16 94 64 34 4 86 85 11 80 100 56 29 55 82 5 9 72 26 40 42 11 89 82 57 91 33 99 42 94 11 57 58 54 13 54 33 88 24 37 45 41 67 3 67 73 54 18 93 86 57 95 7 85 46 23 83 39 43 42 35 
48 6 10 16 11 2 27 57 90 32 20 19 26 24 91 53 33 47 21 17 3 94 55 42 59 70 17 15 82 13 78 44 59 83 44 6 10 58 97 58 5 93 25 8 39 1 88 10 22 48 27 38 23 44 10 60 55 17 9 36 71 95 55 5 42 23 47 39 48 93 36 32 36 44 37 56 34 15 23 35 4 83 24 35 93 76 89 99 31 44 9 51 15 74 24 3 52 2 1 69 
36 84 26 27 84 18 93 58 98 83 90 6 42 14 40 70 99 81 37 84 22 47 16 24 89 60 81 10 78 53 37 67 23 14 11 29 26 40 16 27 18 12 54 80 60 59 30 64 7 78 83 1 51 15 56 90 0 1 34 0 7 35 93 9 30 67 26 96 78 70 58 93 23 79 27 0 60 25 69 70 42 92 20 52 26 90 57 48 74 35 65 75 4 4 83 55 48 71 37 19 
5 100 20 8 76 34 70 94 66 65 72 84 52 64 51 15 30 39 75 42 7 12 3 66 39 54 82 45 70 71 98 18 22 83 52 21 25 48 55 85 100 32 2 92 4 19 97 15 66 89 45 93 55 21 54 91 2 19 37 45 55 88 1 89 95 41 43 82 76 96 98 52 9 54 9 57 34 56 49 78 9 17 76 35 98 88 76 79 97 77 6 33 21 94 90 82 93 3 17 46 
51 79 46 94 68 78 4 72 50 66 22 47 27 10 21 77 7 15 26 82 9 92 36 68 59 39 45 99 8 45 23 87 37 0 52 78 59 66 14 74 31 1 91 61 79 63 54 4 96 73 34 43 93 63 39 13 60 8 38 63 92 61 18 90 42 67 93 87 90 71 25 72 11 32 33 58 69 94 58 85 4 83 80 78 80 78 7 81 64 24 27 12 85 24 0 26 30 39 31 11 
94 42 14 74 30 33 42 48 95 77 55 26 17 26 10 54 69 85 32 35 85 81 28 87 3 44 72 11 20 1 88 88 74 6 81 70 54 37 36 20 82 20 34 7 23 50 15 18 16 10 37 93 99 50 30 9 2 9 41 68 72 15 1 61 33 10 18 68 18 2 53 65 92 87 6 13 19 94 0 5 21 85 16 61 20 68 67 75 55 77 45 17 4 11 46 20 35 51 61 51 
2 89 25 41 32 94 51 35 71 33 97 97 55 40 97 41 69 18 37 56 56 52 67 50 81 4 13 22 67 76 67 31 97 54 50 93 90 10 9 19 18 37 75 80 95 74 95 20 86 19 62 9 66 71 87 42 45 16 40 44 90 70 53 59 56 89 59 61 72 86 85 86 42 36 1 81 45 100 14 43 34 94 83 16 100 86 30 11 34 54 4 95 6 57 16 42 60 12 70 70 
85 34 31 53 61 30 87 68 40 79 82 9 98 87 48 33 39 13 28 70 68 41 17 13 51 13 97 5 6 61 83 79 22 31 14 75 96 67 20 76 23 7 62 8 41 12 2 65 60 95 89 79 31 84 30 93 0 85 89 35 73 98 2 10 24 58 49 3 85 17 26 53 23 24 84 29 45 42 95 89 33 5 40 53 33 42 3 94 93 60 61 65 79 33 35 25 96 90 79 6 
88 96 98 15 71 1 86 67 50 77 46 92 71 79 85 88 30 40 94 8 63 86 1 89 1 34 36 74 62 80 5 84 51 21 33 63 10 43 6 58 2 4 68 18 73 8 68 48 53 0 85 66 81 57 94 17 65 31 31 1 46 53 20 5 90 32 43 74 94 43 88 39 48 64 12 61 68 96 11 12 18 20 80 72 38 9 65 70 19 27 76 1 39 95 42 99 71 40 74 14 
1 70 76 1 40 13 92 58 54 16 94 69 65 2 73 35 69 54 29 8 55 55 48 35 12 5 45 33 68 11 75 75 53 15 68 91 3 70 97 85 78 36 86 100 99 5 88 81 19 53 30 87 87 57 49 87 38 19 79 87 89 47 28 92 48 6 72 69 35 60 42 19 68 82 65 79 88 78 93 92 41 22 5 32 66 31 45 24 65 33 86 80 15 75 84 0 87 58 63 86 
99 56 26 43 44 71 88 86 86 24 34 94 47 65 69 82 37 57 59 60 99 97 23 93 100 7 100 34 16 35 94 39 73 70 4 94 40 1 89 85 33 93 74 87 18 50 38 78 8 9 91 88 45 43 79 3 89 20 25 38 17 28 70 83 86 63 33 9 85 65 9 10 11 20 84 12 19 2 17 64 9 58 65 55 59 51 60 89 21 32 40 42 42 80 68 23 72 64 56 78 
30 45 95 22 99 80 76 100 66 35 41 62 66 33 90 99 83 77 87 62 73 70 46 14 42 43 15 77 77 34 22 25 68 41 14 32 44 33 7 0 86 60 86 89 31 16 1 17 51 51 82 88 71 82 94 32 14 16 71 90 92 35 9 59 98 51 89 98 3 62 9 17 32 48 78 87 79 51 67 57 3 27 83 67 18 63 15 82 68 65 75 84 32 32 22 80 76 81 61 4 
47 98 21 56 72 32 72 67 66 92 36 35 46 42 29 35 69 71 63 10 84 88 77 87 0 94 11 94 19 90 65 16 2 26 56 3 98 62 85 50 52 15 88 0 4 45 69 79 74 15 51 73 41 67 30 90 85 93 53 91 34 76 84 19 13 11 87 54 65 32 31 92 48 13 98 61 58 45 12 48 97 100 65 31 92 31 31 86 22 100 20 3 6 54 91 99 96 60 3 53 
51 2 1 9 3 77 45 29 80 17 47 38 13 80 46 40 93 47 81 63 64 39 20 92 20 72 34 80 66 43 99 100 18 12 78 93 14 66 58 93 95 61 52 51 71 29 27 24 38 80 32 4 60 74 38 75 50 73 60 74 41 57 60 50 77 71 61 70 47 86 60 6 63 90 2 79 51 34 100 37 7 29 32 100 38 90 96 72 13 34 1 64 32 54 77 78 96 2 34 23 
85 94 29 67 83 100 90 95 11 35 98 27 98 8 47 29 14 67 100 79 76 49 9 23 96 36 41 18 69 8 69 47 45 100 55 25 22 39 72 80 72 7 31 89 22 57 73 35 88 100 79 11 30 66 16 66 85 53 60 77 25 89 74 43 35 31 61 8 94 30 49 93 27 59 54 85 17 18 62 41 45 51 54 76 4 20 53 16 16 13 99 34 86 28 0 81 33 84 99 62 
8 21 95 42 59 53 78 24 65 83 22 25 83 4 60 43 8 68 33 76 63 16 90 45 97 16 85 26 74 45 66 17 97 1 71 40 44 82 4 2 69 37 3 69 24 99 14 90 46 88 46 13 50 14 77 60 80 95 88 18 58 94 16 100 84 37 87 97 0 45 64 9 88 57 13 11 21 66 78 2 46 53 49 88 95 58 34 65 47 48 76 97 34 66 28 51 13 98 36 71 
70 97 73 67 91 0 91 78 82 89 46 85 73 0 51 0 57 79 73 20 12 51 34 39 18 24 85 62 13 12 88 56 33 0 70 13 29 57 13 17 23 36 48 43 70 64 75 11 25 51 53 31 39 75 83 41 10 42 72 21 9 11 84 62 21 15 44 11 27 13 30 66 19 77 94 38 72 42 50 36 88 70 2 64 1 62 16 51 51 78 55 35 83 44 99 57 82 56 44 24 
84 94 20 47 94 58 6 17 42 53 46 23 18 63 98 35 32 23 74 52 38 18 40 70 7 38 98 33 24 45 13 16 85 95 59 35 19 90 100 97 46 43 78 9 38 90 30 68 29 37 54 4 91 36 29 37 98 26 71 86 5 93 27 25 95 87 27 99 13 18 13 46 40 46 5 62 63 46 63 100 86 12 70 98 8 71 99 59 4 15 12 15 73 91 92 76 20 53 43 17 
4 97 24 39 91 49 33 44 94 100 38 26 15 30 92 18 56 75 48 42 92 72 31 8 82 46 71 72 66 75 81 62 73 34 73 100 2 74 49 6 30 14 44 84 77 11 22 61 24 55 48 25 8 15 88 74 92 45 65 39 85 44 51 66 46 41 85 6 16 34 51 38 52 73 27 60 41 9 99 41 33 82 60 6 14 20 78 1 73 22 48 33 73 81 65 70 2 100 92 2 
46 12 17 9 15 27 1 4 18 1 63 25 18 71 42 28 16 43 30 30 66 20 25 66 74 78 69 11 76 27 35 42 20 47 88 56 100 51 53 42 49 97 68 17 59 89 8 95 37 72 82 3 16 54 40 27 36 72 66 73 17 45 83 0 19 72 94 44 25 67 61 58 70 7 42 34 36 29 30 51 37 10 13 3 62 90 64 73 1 27 62 26 36 45 99 98 89 71 62 83 
51 49 90 37 20 4 19 78 42 4 41 94 60 24 13 73 13 64 99 49 43 55 97 28 14 28 33 9 77 1 18 98 0 7 54 92 88 12 53 75 28 4 63 92 73 35 4 48 26 39 45 55 87 4 63 97 78 75 23 87 79 84 38 3 27 79 71 90 11 18 19 45 8 52 1 33 35 53 53 87 73 48 67 24 73 5 36 93 76 55 93 26 52 75 26 72 46 31 57 53 
79 86 88 30 77 53 39 85 52 63 7 45 44 20 16 64 5 57 94 38 86 52 89 0 3 49 4 33 72 28 54 75 73 49 97 39 88 6 52 25 2 94 22 46 92 15 55 27 75 90 69 94 93 31 89 90 26 12 63 35 53 87 18 42 58 55 69 63 28 17 91 74 71 100 36 66 38 4 56 21 18 30 23 82 74 71 87 69 19 51 4 92 88 54 9 35 24 71 52 10 
53 22 66 76 68 17 48 55 35 69 71 64 72 49 93 39 28 43 53 75 40 37 27 14 85 100 6 77 40 77 88 84 38 80 13 36 97 77 18 69 84 34 72 20 19 48 38 17 96 7 81 80 81 58 33 78 1 99 64 99 13 44 31 37 97 50 16 86 72 64 54 81 76 34 27 44 71 14 94 50 45 67 100 81 16 50 64 39 31 90 34 81 24 40 5 13 100 65 36 80 
24 18 18 59 89 31 53 98 78 37 68 68 92 34 64 6 98 42 17 51 39 71 34 1 16 38 54 33 43 70 35 72 85 33 86 57 65 54 64 32 12 75 93 91 95 45 26 9 73 79 22 20 56 98 24 63 49 18 41 30 91 27 6 85 41 2 84 23 91 8 97 81 21 20 99 83 42 87 98 15 43 44 95 60 0 9 17 36 33 19 53 82 47 47 55 94 1 54 72 76 
57 18 77 11 26 23 9 92 24 48 57 81 90 7 17 79 13 60 46 61 75 16 46 60 65 9 38 82 60 12 72 51 37 51 52 70 56 57 75 26 77 34 5 72 47 39 93 75 35 67 76 37 82 40 7 87 1 33 77 62 31 9 0 12 0 53 79 24 0 69 73 5 81 44 73 87 30 34 48 16 39 6 95 87 23 34 13 22 23 79 78 31 64 21 32 71 21 80 51 36 
77 44 47 53 29 62 14 80 34 7 49 48 90 3 51 68 27 5 65 9 10 19 15 76 67 90 10 48 16 44 66 57 10 82 6 70 78 4 87 7 75 31 11 3 71 55 99 3 99 26 73 86 37 99 93 50 94 17 55 51 75 94 27 13 49 42 78 13 10 27 41 96 100 54 93 23 97 80 54 33 25 3 4 11 88 18 54 61 40 57 2 55 49 67 56 26 10 12 79 71 
1 99 55 24 92 11 44 49 1 70 57 33 12 67 38 13 70 79 10 66 0 40 78 94 85 44 4 1 31 78 69 95 52 83 99 80 72 80 74 78 30 52 11 15 40 57 54 42 50 16 62 23 9 55 65 50 67 95 69 97 24 48 45 42 64 71 13 79 94 72 90 81 16 60 55 9 22 53 99 79 28 45 84 22 27 48 55 2 92 29 17 28 60 72 8 95 96 84 22 80 
26 72 89 80 17 46 97 80 40 70 86 67 89 77 48 76 82 26 60 38 16 35 65 73 83 21 9 75 32 73 11 99 43 39 23 34 67 72 75 14 97 81 94 96 29 43 0 62 35 46 89 93 16 81 21 78 73 50 0 94 79 14 69 32 2 52 81 52 15 69 81 28 23 94 92 32 45 32 14 19 72 36 53 47 42 79 83 56 77 31 73 4 45 46 36 84 73 7 53 73 
73 40 11 27 30 21 35 4 88 94 6 92 67 0 58 41 50 88 76 45 19 66 85 75 19 58 94 19 62 10 5 32 13 56 0 1 50 16 25 12 41 84 7 4 17 56 57 5 96 55 45 2 52 30 58 48 4 10 45 19 59 94 12 44 53 23 100 25 58 3 43 94 55 57 8 96 76 84 52 26 8 84 88 25 48 28 69 99 0 80 22 66 75 30 0 35 5 10 92 11 
80 11 67 18 84 61 63 98 57 93 3 39 69 69 8 52 2 46 75 15 70 79 27 87 91 57 21 62 96 88 68 69 75 46 58 56 43 8 59 15 6 33 76 9 17 34 15 30 33 5 60 23 27 88 83 46 78 63 11 14 34 19 56 90 35 75 90 93 29 73 54 83 49 17 38 85 23 0 11 47 94 44 80 79 42 66 3 71 21 77 11 88 2 1 54 80 26 91 87 52 
80 95 40 95 24 84 79 3 55 27 94 32 78 13 51 68 100 93 52 9 47 96 34 0 16 9 63 74 76 73 2 14 71 58 0 91 20 95 84 11 2 32 59 82 52 47 10 36 32 68 44 91 50 49 25 10 1 68 85 0 99 98 33 89 86 90 89 1 5 90 34 49 17 69 66 49 27 21 27 69 64 85 49 83 87 79 28 5 27 22 40 82 96 76 48 74 46 1 93 6 
61 45 28 71 42 43 65 34 71 87 66 28 98 0 8 99 11 67 89 86 18 100 81 52 33 47 89 36 45 77 3 18 100 24 79 98 12 37 7 64 77 11 50 100 74 23 47 100 85 67 34 49 28 26 61 11 16 70 24 82 96 91 79 76 71 16 52 28 29 100 76 93 83 86 71 55 81 22 58 25 95 48 61 11 54 50 39 0 18 1 39 60 57 98 75 6 14 48 9 61 
40 81 76 37 94 51 91 17 76 72 34 90 82 51 60 65 82 40 16 17 84 71 57 18 40 12 85 39 11 51 66 3 95 76 85 37 53 66 11 90 89 95 64 60 51 90 34 98 100 43 33 42 13 51 42 45 3 41 52 66 73 70 35 52 56 38 89 49 38 78 41 35 69 90 67 29 67 3 86 43 20 100 82 90 8 5 67 92 20 72 0 89 53 66 89 53 65 77 33 2 
88 66 52 99 16 67 97 94 76 0 72 37 60 32 67 36 71 29 98 21 40 9 8 78 77 58 40 28 56 91 79 14 35 5 32 91 64 52 47 38 10 18 46 41 33 90 76 98 94 90 6 12 89 20 0 22 7 78 27 84 97 82 82 37 8 78 71 53 87 63 99 47 41 75 42 32 56 29 26 37 67 84 40 8 26 82 17 4 34 43 97 7 77 13 5 1 20 35 49 77 
13 93 35 36 77 12 58 90 37 47 68 65 85 82 30 86 1 90 69 100 10 81 49 7 2 35 93 35 98 90 68 25 60 18 79 50 81 74 36 75 51 58 73 22 52 83 9 31 68 14 13 76 85 49 52 66 11 5 5 72 4 61 70 34 15 50 38 33 12 94 54 38 81 43 13 89 6 58 57 14 56 23 21 78 39 45 68 59 3 13 29 44 76 50 36 7 79 18 9 92 
59 12 47 71 59 81 46 72 53 54 41 89 31 36 37 90 5 5 11 11 77 94 98 66 4 35 62 7 77 83 32 44 54 63 47 84 44 62 61 98 95 75 66 30 6 59 80 89 60 4 88 92 9 17 84 32 99 46 61 36 39 87 10 72 27 100 72 80 39 71 94 8 22 50 13 38 63 15 6 89 1 42 54 80 88 30 59 11 79 63 62 32 92 70 92 36 49 9 70 4 
37 94 56 22 18 88 54 81 21 39 13 43 22 99 82 26 72 16 65 63 97 90 10 57 29 16 44 62 58 63 49 40 16 4 50 32 96 93 97 94 36 95 63 26 58 9 65 49 22 7 45 48 44 72 32 15 89 68 55 86 75 75 39 85 31 63 73 79 88 51 45 68 80 13 77 17 99 17 29 46 17 68 62 74 81 9 41 4 89 59 12 61 67 93 75 55 87 12 48 96 
62 99 49 88 23 39 56 83 58 25 4 73 15 24 75 16 86 89 7 38 71 53 35 73 2 3 3 63 73 27 4 7 34 14 68 21 76 13 63 4 10 81 74 11 17 43 52 5 83 66 65 9 80 54 6 84 67 80 58 44 26 35 93 40 44 43 58 80 40 99 11 38 78 65 52 52 29 11 6 19 34 18 80 95 41 55 3 23 97 77 67 21 13 2 100 2 62 53 93 78 
100 88 60 79 74 97 28 77 8 46 34 80 52 18 55 52 44 37 86 3 98 53 49 93 6 95 74 92 96 50 24 22 31 60 19 78 3 90 9 75 59 51 77 11 81 93 3 59 29 50 17 100 51 98 64 24 11 50 6 83 50 7 39 56 52 46 59 44 41 23 69 68 42 94 60 82 35 82 8 11 26 2 23 28 82 58 25 95 37 93 73 63 64 27 44 81 7 62 85 91 
92 6 43 7 67 35 21 50 39 7 59 20 21 22 85 36 92 39 82 53 54 18 43 52 82 26 27 78 81 89 95 21 16 58 77 53 68 59 65 70 27 65 82 97 98 50 29 82 91 85 34 3 70 88 81 23 69 81 63 26 100 47 74 65 10 59 76 2 15 10 16 38 97 85 46 59 94 87 44 12 63 40 89 13 88 25 61 45 75 1 62 34 2 90 15 6 63 63 72 47 
82 23 58 88 81 18 26 75 14 87 91 29 32 44 64 45 91 81 80 92 74 31 61 87 100 46 50 59 66 58 35 91 80 55 69 62 21 19 98 50 56 53 100 26 23 33 50 30 14 73 24 11 77 51 40 93 26 25 6 42 45 73 67 48 43 77 36 25 23 96 85 12 28 59 12 7 14 19 8 86 29 53 51 100 56 64 87 2 67 40 87 87 9 46 70 11 60 32 91 4 
39 62 21 72 89 20 16 89 80 5 8 44 22 73 38 53 7 36 86 42 75 8 83 55 70 10 100 87 97 45 20 46 55 9 2 92 66 85 35 73 82 67 23 97 59 54 80 1 71 100 48 78 99 70 56 85 15 25 74 96 42 68 29 27 57 63 59 90 79 30 1 72 60 73 52 53 2 12 41 100 41 77 50 30 84 88 96 52 5 14 98 70 21 58 100 86 33 8 95 24 
14 50 97 12 3 62 10 82 30 30 80 85 18 29 89 61 60 48 77 76 53 92 77 13 28 60 16 84 43 37 51 80 15 54 17 47 95 15 78 2 5 74 26 63 27 6 43 23 4 42 100 85 5 38 29 76 23 46 98 67 55 93 89 3 64 92 74 99 74 76 57 50 50 40 34 79 83 90 81 59 61 16 5 61 87 84 4 11 58 4 24 25 78 26 3 67 0 18 94 56 
31 28 89 32 41 88 22 59 80 23 95 2 64 93 88 70 10 36 87 95 38 69 17 39 71 21 68 14 82 62 51 26 82 76 4 72 49 49 49 79 77 99 97 12 51 41 55 51 58 4 3 83 24 23 72 22 73 99 16 42 41 36 98 11 10 42 52 47 80 18 96 72 41 71 3 65 0 82 61 23 44 40 14 43 94 81 40 36 31 84 33 12 35 31 98 56 27 49 11 94 
42 56 0 42 75 50 86 62 80 43 79 27 40 76 38 26 59 0 52 2 31 56 67 37 77 68 17 84 19 52 78 75 63 69 25 89 11 94 44 70 4 13 12 37 72 46 38 58 34 0 38 48 96 51 70 42 23 20 99 66 100 88 6 98 39 70 41 48 64 92 54 94 61 51 53 33 8 100 91 59 5 7 86 19 19 43 68 35 20 84 84 39 20 53 47 56 89 39 2 4 
17 88 22 69 99 99 60 73 85 60 40 65 75 87 6 99 43 86 31 17 16 9 75 90 47 32 6 57 70 32 4 47 21 63 44 17 10 39 33 87 12 6 11 95 34 22 20 53 64 21 58 100 100 59 2 95 37 46 45 48 79 18 100 15 53 42 43 10 60 81 96 82 100 72 82 27 47 7 47 17 76 84 78 50 23 6 77 33 90 31 13 89 18 43 86 29 42 0 71 12 
48 39 64 71 54 45 43 97 30 71 86 97 20 34 18 27 60 24 9 29 82 26 55 20 92 95 34 45 20 10 84 89 99 30 87 30 74 22 67 14 59 46 7 26 42 99 71 8 75 31 73 6 31 71 24 54 9 20 5 41 16 89 4 41 12 0 93 50 83 5 75 21 82 72 1 25 17 62 35 89 78 92 30 3 22 41 41 51 89 45 94 31 96 61 63 36 52 75 3 46 
30 61 47 26 42 41 86 82 47 49 16 92 5 98 26 98 31 31 50 87 11 7 44 36 99 57 16 12 82 84 24 29 72 96 54 5 79 41 67 27 6 85 62 91 2 2 81 49 63 21 74 93 97 22 52 42 72 16 18 70 74 93 93 11 54 76 1 37 52 81 57 22 77 10 66 0 16 53 89 6 18 19 8 16 59 67 74 82 20 33 16 74 78 14 15 69 51 69 65 26 
28 77 63 20 25 11 96 23 47 68 56 25 31 86 34 70 16 43 81 55 22 25 72 20 28 56 47 47 79 21 96 37 95 66 17 45 48 77 25 8 8 74 65 31 96 16 33 91 4 67 23 90 16 66 9 67 95 10 36 92 7 77 55 2 82 91 50 55 95 95 36 3 71 67 78 57 100 65 9 92 91 22 100 33 76 49 72 84 6 0 68 97 93 93 59 83 6 45 2 84 
22 74 32 68 56 43 95 90 56 38 3 84 70 93 50 80 51 75 88 9 26 29 94 58 42 77 24 77 5 5 75 5 54 98 50 24 72 72 69 95 27 98 34 17 30 80 93 12 61 6 27 4 26 29 32 21 44 0 57 38 100 89 96 37 51 13 64 79 59 39 68 21 73 68 76 31 94 62 85 65 95 77 62 26 83 37 13 69 93 64 99 66 73 23 60 54 57 70 60 56 
46 76 45 57 23 89 38 58 50 68 46 31 10 80 86 48 53 33 6 32 33 17 32 85 96 42 6 8 82 60 66 35 6 1 35 11 91 31 43 67 76 81 76 82 71 3 71 65 67 51 19 52 20 19 22 12 67 35 16 73 96 67 47 51 86 55 31 30 55 64 10 8 10 22 92 66 85 49 13 87 60 54 10 2 100 49 42 56 87 81 72 50 86 27 58 57 20 15 72 25 
93 53 84 92 25 65 9 55 90 31 79 20 62 29 26 55 25 14 4 71 24 39 58 20 92 35 46 48 89 83 70 65 46 71 89 43 91 17 88 45 27 78 0 68 16 76 87 96 23 15 23 12 65 38 27 33 42 28 32 81 2 96 45 99 84 18 33 2 81 15 6 72 76 35 56 2 56 35 11 12 57 89 73 73 67 39 36 12 68 75 11 34 75 6 94 54 71 58 21 92 
88 7 64 24 86 61 57 100 15 71 15 3 47 34 84 72 77 84 45 99 88 60 73 7 94 68 18 71 69 97 37 11 93 78 40 99 83 95 65 22 14 29 45 46 54 71 38 14 15 22 36 64 7 48 24 87 62 72 37 42 6 77 72 0 46 45 11 72 73 63 45 44 76 54 6 15 63 97 9 52 2 74 20 16 6 61 30 51 72 27 88 19 58 23 13 0 25 71 9 76 
61 81 23 6 31 97 57 55 48 86 73 57 41 42 41 98 21 90 44 60 60 31 31 29 22 30 66 9 20 55 23 47 83 55 38 49 79 79 45 63 34 11 9 69 34 100 38 59 51 32 44 15 22 95 16 80 28 6 31 67 66 15 76 22 68 32 53 97 27 19 42 17 12 76 98 48 26 60 20 83 2 65 42 22 32 46 12 20 23 100 48 98 9 61 2 16 75 15 90 55 
50 87 23 79 60 30 22 33 51 19 37 29 53 20 96 35 69 35 83 52 75 56 30 5 84 8 12 58 55 14 0 16 46 49 56 75 30 87 66 12 11 43 31 15 45 79 43 32 82 42 51 48 62 91 59 38 50 99 49 44 68 23 70 37 80 37 48 72 26 8 100 69 92 54 49 30 45 17 69 23 30 86 57 11 23 17 27 35 62 84 79 75 27 80 77 84 22 32 79 43 
100 36 75 62 82 5 60 84 17 75 6 52 17 60 17 64 22 20 49 95 26 49 51 50 41 70 99 79 58 18 43 77 55 3 79 9 37 6 85 100 46 48 43 23 18 93 96 27 7 28 61 23 78 11 11 88 43 45 46 40 8 4 18 27 62 93 13 38 36 20 100 74 92 61 71 4 32 84 38 40 33 5 44 47 22 33 4 0 25 90 98 97 62 33 78 82 66 67 99 61 
