100 100
53 89 66 63 36 29 18 45 62 100 86 89 82 31 46 43 93 80 61 96 49 76 36 58 100 71 6 100 28 92 83 74 5 54 49 46 53 3 52 77 61 46 87 47 26 83 20 91 96 90 64 7 56 67 67 27 62 4 28 20 30 3 86 16 0 26 40 85 38 75 8 19 68 14 15 93 26 29 84 32 9 80 2 92 1 41 46 66 39 76 47 19 65 17 10 73 24 47 10 12 
79 14 62 6 85 93 39 64 64 8 94 57 37 27 86 54 54 79 47 27 29 77 12 53 71 29 78 1 28 19 80 26 33 60 22 50 0 69 20 69 96 17 95 87 10 84 54 69 31 22 75 16 15 18 75 26 66 65 0 96 35 93 69 84 10 57 84 36 79 0 55 50 40 76 99 79 4 44 26 86 32 99 64 79 47 86 45 93 74 36 67 5 26 1 49 56 62 14 75 11 
53 74 80 31 8 71 0 29 24 20 81 38 13 77 79 71 42 43 94 44 69 86 55 20 14 39 42 78 80 100 37 68 36 47 70 29 59 43 21 89 92 3 41 18 51 23 99 78 65 59 30 0 88 44 4 84 4 35 29 23 11 9 46 62 81 64 81 39 66 3 17 91 88 97 16 88 15 76 9 24 87 100 18 35 14 16 15 88 24 35 98 66 32 56 95 67 47 94 1 95 
20 64 30 30 1 99 81 38 55 53 30 84 97 14 16 29 40 74 97 78 60 17 51 93 20 59 19 73 5 7 79 44 50 82 16 37 40 61 97 86 70 11 74 2 38 88 56 75 17 72 66 57 10 44 6 49 16 96 86 67 62 91 41 98 49 19 89 40 12 71 4 88 91 57 69 15 76 10 84 1 27 60 36 46 63 30 87 73 23 22 45 50 3 52 24 76 49 34 21 56 
27 24 22 49 15 6 78 60 8 26 80 88 99 85 93 47 88 84 72 35 88 2 10 27 100 46 14 43 82 20 22 14 38 62 67 68 80 81 22 12 61 62 50 87 2 86 53 99 0 38 33 48 28 30 8 40 67 76 94 15 61 27 95 48 62 20 75 86 62 90 7 76 22 64 19 74 39 95 69 98 79 90 6 79 54 22 71 98 33 45 51 23 38 40 19 59 51 4 100 75 
84 33 36 36 51 55 91 75 14 36 32 69 98 45 71 48 63 13 54 97 57 96 51 43 73 86 26 29 92 80 79 12 1 56 43 88 56 27 21 51 7 19 69 54 52 64 83 1 70 94 29 20 81 100 22 72 1 41 48 87 16 58 53 59 73 98 100 60 10 17 15 51 3 31 50 32 4 63 31 24 62 93 73 89 100 79 95 82 47 42 64 88 45 97 58 4 55 90 36 83 
85 19 87 11 94 1 90 95 38 82 7 0 44 82 81 81 0 71 16 3 54 67 42 100 81 48 62 71 71 33 88 9 75 97 27 53 44 30 82 68 28 8 20 52 82 15 84 21 97 15 77 41 10 63 3 58 80 82 96 85 31 13 4 90 40 97 79 41 34 32 53 42 49 71 97 19 53 25 93 37 20 30 71 67 25 70 42 61 79 87 82 40 49 50 43 89 94 17 9 68 
57 35 100 37 6 31 81 42 19 4 63 33 63 78 0 20 18 16 100 83 15 83 19 60 61 43 85 70 40 7 74 23 23 58 100 81 98 64 55 85 48 29 61 98 5 69 19 4 57 31 95 83 12 64 6 11 66 55 64 10 20 90 17 55 78 45 30 56 92 75 22 43 76 46 54 58 0 24 1 38 99 93 24 89 29 21 82 88 32 66 69 99 18 52 49 46 56 27 48 63 
5 90 100 89 19 10 44 18 31 13 57 76 59 73 24 41 28 52 2 39 4 41 79 11 40 90 2 2 17 84 62 91 62 57 27 100 74 73 89 85 4 57 47 77 24 53 83 46 84 59 16 16 31 88 39 16 51 72 74 45 85 65 6 19 50 52 85 45 99 44 91 65 92 3 84 69 14 53 96 45 92 92 12 58 48 75 94 71 42 29 63 56 72 1 83 57 97 7 86 87 
23 44 32 43 51 12 44 98 38 47 16 4 63 67 24 54 46 77 44 62 3 29 98 3 92 47 31 84 29 32 78 53 4 85 93 69 56 55 18 74 37 45 63 64 39 100 51 78 67 23 93 71 18 32 34 26 88 32 13 78 5 100 23 50 82 77 89 32 81 26 8 21 29 63 63 9 0 44 43 56 23 0 100 84 17 18 0 54 14 79 40 87 65 46 1 8 3 16 6 22 
13 11 5 65 56 61 37 42 32 7 69 37 15 29 58 2 75 99 53 50 56 27 34 12 87 10 96 52 25 89 99 13 53 72 30 98 61 36 53 69 84 27 4 65 76 76 97 51 32 55 48 58 46 97 18 45 95 58 37 66 86 92 76 94 3 11 67 72 99 20 63 91 69 28 58 83 26 52 20 55 42 61 20 88 51 40 27 45 31 94 18 69 1 79 43 4 7 90 17 59 
65 52 77 18 1 44 18 73 17 84 35 53 75 32 91 50 46 37 24 47 59 38 58 38 80 71 66 95 6 93 88 29 71 84 54 33 78 52 21 60 32 22 20 69 2 12 52 34 45 75 49 47 64 85 17 88 86 29 20 17 48 66 70 96 71 74 17 19 74 41 0 43 38 24 58 39 70 37 71 7 1 54 72 45 7 7 70 87 61 19 52 71 32 46 93 31 34 60 37 86 
11 63 69 49 58 28 3 92 33 71 26 74 69 51 50 1 91 2 33 96 64 91 91 33 24 3 83 36 57 42 31 47 43 89 57 56 63 66 12 70 47 96 68 71 49 13 80 46 11 72 19 81 38 17 88 46 4 51 89 38 6 29 37 56 19 11 99 35 45 66 42 52 87 87 11 59 80 44 30 20 92 76 13 96 98 96 83 32 28 29 27 84 44 80 70 19 48 79 16 2 
52 90 70 85 43 41 75 3 40 62 82 22 93 95 78 73 35 78 63 40 44 76 36 7 71 2 83 18 67 98 98 27 5 93 8 62 53 60 16 72 37 97 50 100 98 90 65 47 53 24 93 25 57 56 2 37 55 55 74 89 91 82 21 70 61 22 85 97 53 69 26 45 17 14 44 30 84 77 35 61 61 14 66 18 5 86 77 92 24 41 27 98 22 84 42 83 30 81 82 75 
34 1 22 89 18 95 1 60 83 19 84 11 18 91 23 73 41 14 41 49 58 37 53 28 44 74 38 88 24 84 86 23 5 75 45 95 79 19 35 80 2 79 50 9 27 76 91 73 7 56 21 88 100 54 7 38 80 66 66 23 21 94 38 91 66 83 2 2 72 24 0 31 73 91 35 93 24 63 12 67 17 47 73 62 73 57 88 65 97 86 20 6 97 57 0 84 38 34 97 48 
99 98 98 58 21 23 76 61 42 19 3 83 75 92 49 96 15 96 8 49 35 93 68 51 52 74 78 56 79 29 16 2 86 18 47 17 100 12 59 78 99 79 15 10 66 99 67 27 65 59 20 85 52 25 51 94 3 89 89 67 23 87 46 17 6 65 44 95 0 64 76 96 37 3 52 99 22 82 40 79 79 5 48 44 15 84 4 84 28 60 56 52 1 6 91 47 79 73 9 97 
35 88 45 54 79 69 100 3 26 92 87 51 76 72 12 19 57 28 3 84 90 85 77 99 97 79 61 53 98 35 30 52 63 19 14 29 58 66 76 28 1 80 65 11 95 23 72 56 88 21 67 27 32 57 9 25 95 100 30 71 81 61 74 31 52 92 82 38 15 64 11 13 99 7 1 75 47 67 64 14 21 6 34 32 52 24 13 51 10 91 25 55 29 15 10 84 37 63 82 41 
16 38 61 41 54 9 19 68 5 1 47 96 94 40 92 49 79 2 21 11 25 59 90 81 51 91 95 18 49 83 40 11 40 17 83 38 100 63 80 60 51 31 9 24 72 90 72 70 16 68 58 91 97 6 95 79 81 27 43 100 34 57 42 86 83 99 67 8 82 68 46 61 54 77 89 4 14 45 7 7 44 6 93 81 64 7 91 51 63 92 55 35 62 82 92 42 21 65 81 57 
41 52 58 14 34 94 30 36 83 90 4 90 98 22 2 43 16 33 34 1 88 91 96 21 22 1 69 8 46 73 17 91 78 84 86 96 45 95 23 81 66 25 57 58 37 42 45 32 43 32 37 7 27 4 7 80 6 12 83 48 50 47 98 34 75 19 32 14 46 85 68 17 89 81 96 5 98 88 31 76 57 80 99 77 80 41 71 5 29 32 61 61 85 2 68 23 5 95 84 77 
73 74 79 97 75 99 80 6 75 53 47 69 3 51 91 16 96 81 20 82 50 1 50 51 79 38 18 23 77 56 19 73 24 70 40 68 34 76 71 4 96 19 67 35 66 8 56 74 99 23 30 45 63 20 37 87 72 95 3 99 24 33 62 20 0 95 18 50 5 94 45 29 54 9 7 87 91 96 91 4 71 67 92 96 33 31 84 17 13 11 32 63 45 65 26 82 13 98 71 69 
70 23 68 94 34 99 18 31 76 19 61 96 55 59 35 87 11 86 19 62 45 40 42 3 29 40 58 15 55 33 59 23 100 80 99 71 13 10 41 33 51 40 94 16 26 69 11 73 76 77 63 70 47 86 36 84 89 17 45 92 55 41 7 22 31 2 51 35 43 87 21 59 23 13 76 17 57 67 28 71 66 39 79 7 72 80 53 72 36 57 33 78 77 99 7 16 5 40 46 70 
16 28 43 28 44 52 38 38 31 27 29 35 23 89 71 24 69 81 53 8 39 19 40 4 18 27 38 49 88 83 82 45 53 75 88 16 66 84 20 95 56 68 26 49 43 7 28 54 17 82 54 71 58 95 55 49 20 80 32 83 3 15 97 95 83 31 69 86 55 78 51 38 22 51 34 67 97 82 58 8 89 24 70 73 18 24 92 93 100 68 13 94 52 54 9 13 69 2 61 12 
44 24 21 88 0 15 30 27 25 49 37 33 80 68 78 70 84 72 72 78 73 40 56 74 68 38 0 62 1 90 90 11 57 83 69 59 82 14 61 89 18 14 100 73 21 61 15 93 94 21 32 70 82 74 10 93 1 22 29 57 53 12 46 80 95 30 61 73 33 98 94 40 67 93 4 74 75 11 69 22 99 26 5 69 88 17 80 1 20 62 78 15 43 3 83 63 27 87 89 4 
62 16 99 83 96 68 63 50 24 76 90 82 64 0 50 80 74 35 89 73 0 54 49 72 22 19 85 23 14 8 20 65 12 64 22 75 15 23 71 40 97 15 47 43 94 56 8 89 77 34 60 97 35 63 66 64 88 43 24 100 55 95 1 97 74 39 23 12 100 37 43 63 47 95 90 24 34 62 71 93 29 86 1 38 0 57 83 41 97 91 78 27 84 25 22 5 5 88 27 79 
98 36 51 32 49 64 98 83 61 18 15 98 11 52 50 37 50 91 9 27 98 15 36 27 1 17 29 75 11 29 3 65 4 66 21 11 50 75 26 68 37 94 39 45 53 16 97 12 7 22 46 48 81 95 72 2 30 66 55 59 28 12 27 14 18 31 57 85 81 51 63 22 41 3 37 56 9 73 70 34 5 89 61 36 63 8 18 74 74 66 35 24 80 31 20 53 45 78 92 71 
55 54 58 19 74 86 95 8 30 95 37 96 44 0 41 55 87 81 78 65 17 53 46 98 82 14 76 40 6 82 71 37 15 54 72 56 89 7 50 67 25 18 91 87 51 60 81 46 25 43 32 21 89 69 1 10 89 81 46 51 9 13 32 81 61 85 52 76 64 66 74 80 20 49 72 17 17 60 16 54 3 73 67 37 89 24 72 47 19 74 92 31 44 79 18 65 39 46 62 8 
30 75 61 15 77 16 90 7 46 58 82 3 40 73 52 83 91 29 80 1 78 77 0 14 51 51 85 61 52 73 1 50 41 66 17 65 89 89 26 21 54 35 97 21 48 100 16 28 43 9 79 42 13 26 47 36 57 86 69 80 14 5 95 20 74 51 82 7 13 89 38 79 68 79 65 74 53 34 16 37 62 35 17 49 62 58 57 70 24 64 38 53 85 54 63 97 46 36 42 81 
3 65 15 13 11 4 39 30 68 99 6 75 95 79 70 40 58 80 53 5 67 20 68 41 68 78 69 77 12 9 78 17 82 82 45 13 9 95 26 12 15 88 52 43 37 28 4 82 36 71 100 28 18 11 84 14 87 90 41 13 81 36 58 42 0 9 94 97 80 10 14 53 37 67 20 82 41 74 43 89 63 62 87 59 100 64 94 45 83 3 19 3 71 45 99 89 50 16 62 71 
83 63 46 60 13 19 67 36 76 39 34 35 51 74 16 10 63 56 84 22 87 24 39 77 54 7 98 56 71 16 75 50 32 14 98 50 81 73 17 74 92 91 77 12 42 49 12 1 78 81 35 23 71 2 96 83 94 47 75 80 47 38 65 36 99 56 64 72 54 44 28 65 91 95 79 71 100 41 45 31 49 8 50 60 42 96 74 39 85 2 98 27 59 96 2 82 31 72 36 43 
22 45 82 96 66 55 35 87 83 77 21 37 47 75 65 52 43 21 37 74 82 30 23 2 15 29 95 42 81 57 76 24 92 45 47 45 93 67 34 78 17 0 22 33 52 56 3 84 71 48 97 88 87 90 58 91 90 47 98 77 36 83 33 90 41 56 74 92 26 66 74 22 30 87 12 98 83 24 18 6 70 10 50 79 8 5 14 100 5 77 97 10 71 60 54 71 8 25 37 63 
14 55 30 78 13 11 47 26 47 98 93 45 11 71 38 67 58 82 46 99 72 87 63 45 54 38 19 2 69 93 54 2 17 45 9 63 37 26 69 34 22 94 92 38 93 4 57 25 88 57 70 87 87 28 68 93 57 11 27 37 65 88 67 87 66 90 27 0 73 52 52 15 34 25 47 73 74 17 3 81 2 31 46 47 79 61 54 67 90 67 78 44 7 55 20 88 68 74 65 88 
12 41 66 63 78 87 35 14 49 44 68 93 40 99 87 57 55 20 49 29 77 94 100 1 63 25 32 67 56 44 0 13 82 89 2 22 47 40 74 69 20 35 21 8 98 34 96 33 55 66 85 83 29 71 8 21 37 91 70 12 47 10 93 91 77 95 49 91 95 66 3 22 74 89 56 42 75 81 72 9 84 29 4 99 32 20 5 87 45 62 64 82 81 6 86 15 90 67 19 98 
34 55 44 10 29 17 85 0 34 30 84 31 8 47 58 24 72 23 33 34 64 4 42 54 13 31 44 80 96 98 62 28 31 24 64 83 4 74 36 94 20 93 33 51 29 7 18 62 99 94 67 22 35 75 5 34 91 53 0 5 36 90 12 9 59 83 18 9 61 70 92 62 70 63 24 77 86 70 2 23 41 40 14 67 13 4 45 57 16 90 23 16 52 72 6 69 61 19 81 48 
0 13 0 47 73 43 72 70 87 21 73 21 44 80 44 66 28 59 81 0 86 51 80 89 77 22 65 88 31 36 88 57 89 34 27 8 99 4 69 96 35 30 49 58 11 96 88 60 79 95 30 22 53 6 48 36 87 76 44 17 99 95 73 14 53 29 25 57 78 96 51 12 99 75 83 71 74 33 55 1 9 70 57 21 45 51 8 22 63 12 48 34 12 61 70 10 87 62 80 46 
18 13 81 50 78 86 49 99 32 69 64 16 97 100 31 3 74 68 14 27 0 85 68 49 27 6 41 83 87 88 18 32 27 47 79 84 92 99 41 38 75 19 42 45 44 100 97 56 53 74 4 70 96 87 16 65 26 72 52 89 53 15 50 51 34 37 69 6 72 33 28 87 77 3 66 21 77 76 6 12 82 37 36 81 61 53 21 1 34 89 18 94 69 16 93 70 31 95 52 98 
75 68 24 51 34 89 88 91 6 93 97 51 70 8 16 90 51 37 5 37 42 65 90 46 40 4 64 55 2 61 94 27 4 91 12 46 90 38 6 9 57 30 12 97 6 58 97 3 76 15 62 61 95 68 4 28 13 45 38 83 99 98 61 65 31 78 43 29 8 19 75 50 33 2 59 76 61 87 78 98 88 55 24 51 69 89 24 76 11 35 97 60 11 98 13 91 88 89 52 34 
43 85 51 73 99 25 85 6 24 34 84 26 1 0 31 88 59 19 22 12 55 6 85 20 70 82 87 86 42 93 25 59 61 93 94 43 57 99 97 67 31 18 27 42 69 95 94 99 19 86 88 28 30 95 86 61 22 62 94 18 71 41 100 11 48 87 11 34 13 96 8 31 45 17 53 2 2 64 30 37 4 6 43 60 99 50 13 98 91 81 51 44 61 44 89 31 32 70 52 96 
69 99 18 18 25 56 15 43 50 11 82 62 79 92 82 7 65 67 92 80 52 84 65 17 81 14 91 50 75 80 18 47 81 39 4 85 48 56 19 27 90 76 75 54 5 38 47 70 52 31 87 44 97 0 54 41 28 35 90 45 58 85 72 14 83 91 11 89 14 96 16 44 18 55 54 60 10 69 98 87 41 14 1 82 27 100 18 58 44 28 58 54 24 5 2 88 100 78 38 90 
51 43 64 55 54 34 17 84 34 66 61 14 13 49 81 67 71 76 86 71 87 87 8 97 38 94 19 32 34 93 99 80 72 85 6 22 81 84 2 56 25 90 51 92 0 49 69 34 16 42 91 6 76 50 2 61 67 54 91 78 28 35 20 28 43 93 56 47 62 99 71 74 95 43 98 34 2 100 51 11 40 82 52 24 38 33 1 3 99 17 33 41 61 60 99 20 83 67 69 75 
40 74 19 5 36 67 42 20 88 35 95 7 43 37 42 81 55 42 58 100 21 25 14 35 97 88 61 92 48 4 68 88 25 98 50 76 51 55 83 85 4 63 97 0 63 34 48 49 38 7 38 100 2 30 47 23 39 97 24 35 97 84 69 30 92 56 96 31 50 17 99 17 85 86 31 44 49 12 10 85 86 6 85 8 99 73 18 69 7 87 79 91 63 56 80 9 27 100 91 100 
78 56 71 93 81 23 59 12 73 27 11 13 82 80 41 41 33 53 29 17 3 46 55 82 28 63 64 38 65 91 22 54 48 5 20 13 39 21 74 52 21 50 51 30 7 89 57 12 0 15 53 99 89 33 24 83 20 34 1 1 38 13 14 0 26 47 96 26 44 14 90 98 85 79 63 96 65 74 65 62 75 53 16 31 59 12 42 65 16 82 68 27 90 54 96 29 55 13 19 99 
36 43 41 18 88 77 18 87 49 85 42 26 26 24 32 83 93 72 73 97 84 42 70 81 61 43 12 80 10 98 56 43 78 87 86 96 24 38 48 42 51 1 45 95 0 11 82 14 15 3 5 71 84 22 12 47 95 76 58 27 96 51 41 18 32 62 69 2 11 21 98 81 7 71 50 25 76 2 79 5 28 26 38 18 3 43 10 68 85 70 75 65 40 17 5 20 74 57 25 6 
95 54 34 9 65 0 50 11 57 54 18 11 73 36 79 16 26 50 74 52 77 17 25 46 28 53 19 13 74 57 26 79 35 48 26 33 80 64 47 73 100 96 95 11 64 79 87 24 89 20 72 34 95 39 54 7 12 53 1 29 63 39 85 5 99 23 42 57 78 10 70 75 5 39 33 4 65 21 74 94 75 45 64 79 53 80 43 57 14 18 11 76 10 28 64 54 13 92 10 14 
15 48 83 75 48 94 56 82 39 32 66 19 48 64 50 33 0 16 19 45 10 77 65 76 38 54 89 55 42 17 46 48 62 11 17 46 36 51 91 19 91 83 96 0 76 62 33 10 15 22 33 57 48 88 62 56 98 65 16 97 11 36 84 61 73 34 64 96 7 38 20 28 14 82 49 72 37 54 76 25 93 90 60 93 13 31 61 29 32 86 2 65 57 63 29 50 58 52 70 80 
12 11 58 86 98 74 78 70 17 94 9 78 58 52 23 29 88 11 64 41 49 50 58 45 62 17 20 64 30 92 11 0 77 52 8 0 24 78 72 86 48 82 3 39 85 4 37 89 39 22 83 37 21 59 33 17 69 19 41 90 47 67 27 74 1 41 88 63 84 74 4 100 59 75 38 22 93 17 82 34 63 84 84 28 29 61 46 24 3 12 83 6 14 40 77 95 15 73 65 5 
78 100 36 47 76 93 55 35 88 31 19 7 28 13 31 72 100 8 47 37 50 58 37 56 16 93 93 75 92 7 26 33 72 71 80 65 65 24 42 92 100 30 53 18 76 73 27 9 1 88 51 27 52 14 83 39 15 16 80 52 3 91 12 84 69 1 5 74 67 98 62 79 97 6 90 34 33 77 27 47 99 37 45 68 75 7 89 67 98 21 8 93 34 37 95 74 57 95 23 94 
14 61 40 96 62 76 40 37 96 50 11 94 74 29 52 62 69 86 62 68 53 92 99 42 59 94 77 39 1 63 12 71 28 76 54 80 57 74 20 5 54 70 78 61 33 14 100 61 12 2 13 62 31 9 13 10 10 31 41 19 63 38 86 41 48 75 61 82 22 85 32 90 75 31 85 53 88 73 68 62 38 91 85 83 86 80 57 50 21 8 79 88 23 85 82 9 59 20 91 3 
51 36 64 48 11 0 3 45 5 10 65 31 19 66 71 75 99 10 30 11 93 97 97 27 39 45 80 43 86 36 3 9 37 57 77 42 43 22 85 44 82 3 30 49 32 81 41 17 25 11 8 34 43 48 48 77 60 45 7 36 44 11 76 95 46 4 36 61 11 18 83 94 46 22 74 88 69 80 14 18 87 88 75 7 99 99 27 76 98 75 38 87 27 77 49 5 70 55 84 78 
26 79 54 20 26 21 26 41 79 73 62 57 40 45 50 34 34 85 55 19 80 74 19 2 0 4 11 20 28 8 100 31 7 84 91 18 73 7 5 27 55 1 75 19 33 57 79 91 55 62 99 94 48 49 19 74 22 83 41 1 81 49 63 81 55 16 19 61 24 10 75 56 92 46 1 42 51 65 53 16 3 62 17 98 37 57 29 79 14 59 15 68 99 29 36 83 63 64 40 56 
77 61 92 0 10 90 92 8 100 78 58 46 80 32 27 38 41 47 65 16 43 6 84 63 78 39 23 86 37 98 8 87 58 42 98 20 46 51 60 73 93 98 81 27 68 13 67 5 24 46 72 70 30 47 100 55 44 80 48 21 2 74 37 63 88 12 8 92 32 31 79 70 76 63 95 1 68 36 96 80 86 38 95 99 48 84 78 60 41 92 54 19 11 52 29 22 90 8 17 16 
94 21 2 19 20 88 82 82 70 16 25 79 11 18 80 91 90 41 57 84 16 90 1 89 33 72 73 36 26 38 4 4 82 64 36 53 45 33 91 54 28 17 24 77 10 27 27 84 96 35 34 30 43 87 39 41 57 43 56 13 50 92 11 70 43 78 6 34 54 0 20 32 80 22 41 97 50 43 45 64 97 6 77 94 100 72 34 53 69 89 35 35 95 36 77 74 27 94 2 37 
92 26 69 48 33 4 84 87 85 63 89 93 67 51 95 22 44 66 18 13 1 42 52 37 20 62 31 0 26 4 65 95 6 38 63 97 84 28 26 10 79 66 55 4 75 93 36 5 42 54 45 94 21 93 12 24 54 49 100 30 60 66 16 84 43 22 30 10 74 22 8 79 22 63 90 20 3 58 2 95 14 92 99 86 87 11 25 13 45 4 29 18 47 95 85 41 19 91 98 95 
41 95 76 18 55 50 72 30 62 37 46 0 13 47 98 27 54 17 59 2 58 68 89 68 61 36 91 71 74 39 89 33 78 67 78 15 38 27 34 42 26 46 55 12 39 2 31 62 66 32 23 40 65 8 37 48 4 22 11 75 34 32 72 5 74 85 49 97 17 11 41 92 15 26 94 94 5 66 43 89 1 62 37 55 4 4 33 97 58 8 81 99 9 9 61 49 5 4 18 48 
40 27 18 98 2 52 89 96 52 37 23 100 98 53 66 77 2 27 58 32 73 40 2 40 12 77 14 23 83 14 21 62 36 44 4 33 99 35 76 12 74 21 55 61 59 99 69 35 11 88 56 63 53 78 13 26 41 88 72 74 27 36 39 41 47 80 94 51 88 9 48 50 82 52 97 3 61 49 4 30 27 2 1 36 90 19 89 32 18 44 8 75 56 53 34 16 62 48 60 52 
24 25 14 7 89 60 1 78 69 13 65 43 98 25 9 59 4 87 83 89 34 3 46 60 100 9 44 45 76 14 86 12 40 16 14 70 81 92 90 73 14 8 45 99 22 28 2 11 33 41 24 66 96 90 81 34 40 71 100 62 94 16 38 28 12 75 92 2 82 26 44 26 92 18 16 23 82 94 25 99 37 83 77 64 68 26 11 64 98 20 91 52 39 46 65 21 69 81 94 44 
98 2 6 57 60 61 78 0 21 25 35 92 5 34 83 88 86 53 72 25 82 61 10 93 1 73 82 19 76 38 62 12 38 85 8 24 2 78 51 80 29 20 49 45 91 47 15 91 47 38 53 28 35 47 55 2 55 55 18 66 67 56 56 54 69 51 12 10 12 90 44 89 66 92 39 81 51 76 59 77 23 21 38 93 93 89 56 64 72 78 64 94 54 8 67 19 34 26 6 24 
32 75 97 79 66 52 84 88 100 19 52 57 16 85 92 77 36 6 90 79 16 32 50 97 23 84 62 9 100 66 41 79 49 16 39 88 14 55 36 15 12 59 70 62 6 30 83 53 92 50 44 84 5 17 33 40 32 95 18 77 54 1 90 59 27 35 69 75 88 0 45 28 91 93 21 90 87 37 40 16 9 30 66 7 76 10 88 33 91 81 11 29 13 22 44 78 81 27 75 99 
62 49 81 57 99 19 96 68 2 69 92 53 77 67 17 43 4 2 21 14 83 3 30 44 24 21 63 85 82 52 61 65 0 87 71 64 4 68 42 39 86 22 33 52 61 57 54 43 62 75 16 52 55 16 18 13 100 49 25 36 7 71 87 99 47 92 42 80 55 26 18 55 89 18 3 76 37 11 84 18 52 0 90 50 2 87 73 27 18 54 38 54 95 41 93 99 100 58 98 69 
95 47 88 34 8 46 55 68 67 100 35 23 51 18 92 26 69 38 8 22 56 19 37 79 27 76 1 14 96 55 91 13 95 66 42 64 77 41 14 6 7 23 66 93 88 75 95 37 64 25 40 26 6 55 71 46 54 40 72 27 5 82 59 87 19 37 40 81 24 59 25 8 61 20 75 19 25 5 26 68 51 49 25 59 34 15 62 97 51 42 65 76 27 26 31 71 68 46 52 29 
14 98 97 10 47 3 81 28 100 63 87 89 24 100 39 72 67 83 25 97 52 62 40 36 0 77 46 97 51 96 55 31 35 62 74 31 55 80 80 67 99 1 42 91 17 55 41 72 100 30 65 31 35 14 79 79 37 60 8 49 2 22 18 7 64 93 4 26 16 33 58 32 13 31 79 74 58 5 5 89 28 24 74 94 6 39 67 96 33 90 50 72 39 62 3 26 1 1 84 56 
21 45 9 1 49 42 77 96 82 48 17 17 41 71 1 40 20 28 74 61 63 62 80 70 76 19 21 91 84 3 70 92 74 38 30 73 92 99 21 62 27 28 88 17 100 32 40 27 40 63 50 51 13 41 57 21 62 99 90 21 70 48 9 86 14 98 56 88 14 58 50 25 82 42 89 47 18 33 68 79 32 53 21 53 51 49 32 98 10 22 3 75 86 66 30 96 96 69 83 92 
96 7 44 68 73 14 76 89 98 31 49 98 23 50 5 27 14 92 81 38 29 7 84 44 100 32 84 71 14 77 27 72 20 36 63 79 2 89 62 88 37 100 83 19 86 99 36 61 27 46 96 24 55 83 57 23 23 74 25 87 27 19 20 88 99 51 52 54 22 49 18 75 26 98 29 81 89 46 51 72 14 93 17 39 23 41 39 16 24 2 100 5 23 56 33 88 47 3 87 0 
62 25 6 50 76 2 25 70 46 66 59 99 45 98 16 31 23 19 76 79 50 73 59 94 82 84 35 5 84 33 95 44 48 35 37 16 31 19 19 74 24 10 96 96 3 23 51 86 95 22 64 8 21 79 28 64 29 43 99 63 98 5 57 26 49 2 31 31 41 34 14 17 100 76 28 58 33 99 41 51 65 22 40 87 61 4 6 60 22 51 54 58 34 56 85 62 70 15 93 5 
71 27 91 54 58 17 32 36 70 49 50 33 21 63 2 17 92 58 57 93 99 60 69 42 5 94 54 5 9 44 50 73 52 19 68 81 13 77 47 81 88 13 80 84 34 49 1 72 37 92 16 4 7 64 64 79 77 97 93 39 38 67 50 65 27 43 15 28 76 28 13 60 83 17 1 98 39 25 36 92 41 50 63 64 15 81 8 8 55 83 98 21 5 99 93 66 57 86 24 6 
23 91 20 9 83 18 74 24 10 49 72 31 60 26 39 49 7 47 37 33 13 59 46 35 69 35 30 6 14 100 69 42 4 28 84 81 42 12 83 50 14 68 87 28 68 56 95 24 5 48 92 2 65 33 65 24 31 45 12 55 45 92 31 34 23 99 63 92 74 61 74 32 42 82 95 82 57 83 68 83 67 24 74 71 87 55 28 24 58 16 25 35 23 2 13 31 93 25 71 23 
73 90 63 26 18 38 87 73 4 98 71 4 46 18 52 65 57 91 26 48 55 85 10 37 44 69 99 25 93 64 67 28 84 6 38 88 63 27 94 97 79 25 47 55 71 8 15 51 28 74 42 77 66 88 97 63 30 1 94 39 1 96 100 52 33 11 18 42 75 98 68 94 16 71 61 69 52 61 77 42 30 97 98 36 93 89 52 47 11 19 27 92 55 57 49 67 94 62 62 2 
35 80 23 33 16 22 13 70 33 22 23 75 12 45 24 47 72 82 82 62 71 67 85 65 60 100 34 66 69 11 88 21 3 81 32 94 62 17 73 86 23 6 98 14 28 76 44 59 96 92 6 31 69 26 57 47 26 37 31 36 20 54 92 56 82 93 83 75 83 51 20 87 19 69 71 9 49 84 97 92 64 80 63 60 6 83 80 64 1 38 97 44 28 62 42 13 2 22 63 91 
65 59 18 46 54 0 89 96 26 12 25 30 74 54 23 3 84 8 69 45 72 44 83 14 91 49 63 82 81 35 40 17 78 11 96 6 94 72 67 44 23 41 38 29 55 21 69 81 49 93 90 77 78 93 64 31 58 87 43 52 72 69 48 88 26 45 44 56 78 53 84 3 0 65 4 10 44 9 55 48 20 76 15 36 39 57 38 40 38 58 69 86 6 31 73 35 43 16 97 41 
88 49 29 99 60 81 97 60 41 70 97 26 44 30 26 73 40 84 57 29 79 16 97 10 22 6 37 53 13 76 100 85 81 71 36 39 37 55 32 61 82 94 4 71 45 78 7 53 33 61 100 55 42 62 59 74 65 75 48 46 64 100 46 19 55 97 11 30 70 26 44 1 0 94 68 40 70 61 92 44 18 69 81 10 6 55 77 60 56 57 19 59 0 27 50 9 99 85 79 90 
30 53 56 60 98 57 73 75 6 81 72 59 67 93 82 88 90 31 96 8 41 31 67 76 67 97 96 89 83 74 67 1 35 97 65 35 72 13 23 38 8 97 60 96 86 21 27 51 98 79 58 74 77 25 64 42 64 4 11 7 76 37 99 51 10 94 83 51 10 26 45 4 89 62 100 32 76 4 90 60 59 94 65 59 86 98 21 21 76 88 28 23 93 24 19 61 43 40 84 43 
70 72 42 77 62 73 54 90 12 51 66 57 51 39 29 2 43 61 88 76 22 24 83 15 66 1 24 64 46 52 59 42 37 42 8 40 45 39 47 43 47 16 99 88 41 44 62 20 87 57 73 99 57 5 31 66 64 46 93 24 68 31 10 38 82 12 56 67 86 59 57 23 86 52 14 42 74 79 5 66 10 28 77 62 25 34 82 31 94 86 61 70 60 33 20 62 54 16 1 82 
7 99 84 64 85 45 8 61 2 44 42 91 32 44 12 83 41 4 63 71 57 26 61 38 10 99 19 96 7 41 90 77 8 85 99 25 43 37 53 70 80 85 57 20 66 66 10 24 83 88 71 68 67 20 66 46 70 5 7 96 0 37 71 6 25 93 21 86 28 35 8 12 37 1 59 99 10 44 63 79 24 39 79 60 10 6 55 29 37 78 26 83 11 31 81 59 56 60 39 99 
82 81 42 13 26 70 33 70 79 56 88 53 49 27 55 58 53 21 89 29 7 83 57 47 61 81 23 83 13 10 45 95 56 90 15 4 19 0 57 14 36 12 39 0 30 70 55 2 44 31 19 47 16 50 61 80 92 76 25 21 81 25 47 55 74 35 59 2 93 35 86 28 26 90 33 4 28 1 33 12 10 32 49 86 20 21 94 47 51 82 32 14 82 88 59 12 39 86 15 46 
63 30 71 81 18 59 61 44 90 60 4 90 95 12 56 89 25 32 97 61 75 36 96 12 73 19 90 42 66 40 85 68 56 8 88 44 3 61 32 51 95 36 16 80 53 67 71 62 47 73 64 85 33 67 45 11 5 48 4 59 36 5 79 51 51 95 3 49 12 16 58 82 56 27 79 70 39 13 88 78 63 55 99 69 16 7 83 73 68 68 93 42 97 27 26 88 4 28 30 51 
16 76 34 89 19 80 49 46 40 73 96 40 20 64 73 81 59 29 70 9 10 27 82 79 30 62 63 63 70 14 45 6 80 39 6 57 28 40 58 13 40 96 88 57 2 20 41 82 66 3 49 24 11 7 60 3 68 94 10 20 73 13 23 75 76 55 2 31 83 81 90 34 39 24 54 91 91 79 55 49 34 53 62 88 45 88 45 17 78 18 46 52 4 51 89 84 98 37 87 31 
11 83 53 43 14 93 97 39 92 61 3 16 19 95 67 85 49 42 9 5 30 0 54 9 84 36 74 13 100 69 53 42 33 74 97 31 43 48 70 22 44 17 70 68 57 43 87 72 60 63 55 52 22 10 64 54 80 39 62 39 8 64 31 20 98 21 30 86 70 42 81 63 25 100 37 45 30 70 34 34 14 56 0 82 75 74 78 70 100 27 84 13 13 79 91 82 20 44 55 8 
25 95 32 80 90 27 40 0 60 2 55 4 57 100 24 42 92 96 21 46 52 55 65 56 52 86 2 43 51 37 40 89 34 2 69 73 25 37 21 52 23 12 51 42 89 1 79 36 94 1 70 27 16 6 6 86 51 36 61 26 28 17 62 62 42 60 15 91 38 71 93 37 67 51 5 86 66 53 15 35 18 27 92 42 14 19 46 47 73 57 96 51 58 43 2 44 56 55 83 5 
23 65 91 63 67 33 40 15 67 37 61 22 64 100 53 78 63 87 8 93 61 68 86 36 97 65 47 60 5 4 16 72 28 64 4 8 84 9 71 83 77 81 64 49 97 30 50 14 94 11 24 65 79 42 58 5 54 78 41 45 33 34 51 89 46 62 25 60 5 15 3 96 62 38 34 84 88 94 0 14 2 39 2 100 44 44 60 36 47 36 23 48 69 3 6 33 88 75 53 23 
13 14 18 19 38 5 21 33 85 84 15 89 15 40 98 99 24 42 20 33 43 55 41 15 71 15 23 75 38 25 63 36 74 10 86 67 16 62 87 10 2 36 53 4 56 31 55 52 45 42 20 2 39 0 19 67 86 48 39 19 80 91 48 67 4 46 55 72 15 34 20 6 84 48 55 23 68 90 66 58 19 62 52 42 55 31 66 5 84 76 0 91 43 45 89 90 3 88 29 40 
88 68 45 83 11 98 80 94 86 65 53 25 4 67 82 5 25 23 58 73 79 97 61 57 92 52 86 80 56 19 53 9 87 46 44 40 27 61 48 35 0 16 24 46 51 85 36 29 25 22 66 8 69 80 97 71 22 29 54 47 43 47 84 46 73 90 53 43 66 77 52 79 69 22 5 80 13 39 47 70 77 38 57 26 25 9 67 4 86 37 34 9 22 20 63 90 32 78 92 50 
55 44 80 98 34 59 90 99 71 13 31 9 7 61 74 90 45 100 30 80 84 24 16 55 25 43 76 30 24 73 60 8 73 27 20 85 96 50 19 96 12 35 72 90 88 8 97 47 97 48 96 79 37 94 5 84 54 5 31 78 16 40 54 46 52 3 24 8 31 98 2 38 67 45 16 38 56 32 82 93 12 49 57 53 78 60 80 62 77 16 96 94 35 62 37 22 40 81 2 71 
77 20 84 84 43 70 73 81 71 94 39 63 65 39 42 98 4 58 48 75 89 7 11 61 64 17 35 32 44 70 94 73 93 78 46 0 99 24 64 92 32 9 65 13 46 76 94 64 92 64 58 40 67 4 69 38 88 5 78 38 92 76 13 98 61 71 99 76 43 73 50 80 0 39 7 71 97 29 85 76 12 24 50 74 98 4 43 46 18 21 29 17 78 40 6 3 81 40 77 23 
73 51 57 4 78 91 84 26 81 24 88 43 72 97 11 59 50 98 97 14 90 81 40 29 86 61 82 74 70 86 58 46 90 63 88 21 80 31 42 20 97 38 45 15 95 67 17 61 95 66 62 0 47 12 36 54 96 65 68 80 6 3 59 72 25 66 14 89 99 24 87 96 80 58 12 2 82 90 53 56 41 81 43 1 68 31 96 100 74 63 73 90 41 79 62 84 79 24 56 17 
44 8 3 11 64 95 95 85 63 29 73 77 78 40 18 99 72 71 92 42 16 48 46 7 99 22 54 17 20 45 50 76 89 10 74 14 51 12 67 57 93 30 8 17 48 53 24 65 97 71 51 98 21 72 77 50 70 87 5 86 26 53 67 46 99 44 46 17 67 54 4 15 52 37 90 45 75 8 60 80 48 44 50 73 67 70 21 86 65 86 34 61 99 75 76 76 83 60 28 27 
10 52 77 70 57 22 26 95 25 45 38 0 70 12 74 90 24 92 32 70 54 13 22 42 65 49 24 42 56 4 44 6 67 55 81 83 76 88 24 62 64 82 44 77 33 93 15 33 66 13 21 43 90 38 29 87 85 84 29 30 21 78 48 96 70 43 74 52 47 11 68 78 87 30 44 17 72 24 13 6 13 53 54 36 86 71 35 69 51 98 99 91 60 10 65 5 55 10 0 55 
40 95 66 59 98 11 23 75 35 99 88 30 8 10 34 78 65 64 86 78 36 60 94 84 80 11 81 53 70 25 11 69 61 12 3 34 86 57 63 43 12 68 58 66 35 20 79 69 100 50 76 12 71 92 2 32 87 12 47 87 38 38 78 68 27 77 100 25 48 62 70 51 71 83 0 53 0 34 99 31 87 13 90 94 8 87 48 65 17 48 90 51 82 57 44 47 42 11 81 21 
55 49 58 76 54 73 47 14 82 11 27 74 59 60 30 15 52 64 57 44 47 76 85 96 86 98 5 73 31 77 80 10 4 16 14 51 41 29 82 11 53 2 1 58 58 80 62 100 80 79 12 49 29 44 93 79 54 28 6 79 54 28 54 13 99 48 22 58 11 2 14 48 89 36 91 17 96 81 80 3 19 90 21 98 58 30 65 79 79 45 66 78 80 23 55 10 63 4 87 6 
13 41 23 46 0 48 56 75 9 100 91 58 44 71 30 27 21 79 7 54 15 85 30 12 23 46 52 75 28 58 29 80 35 9 73 91 24 61 57 66 25 93 44 16 57 65 26 21 62 34 78 88 45 96 32 70 64 14 63 7 92 84 82 1 54 54 87 63 26 53 51 90 38 54 24 26 25 75 24 24 49 52 19 23 10 78 83 82 59 91 93 17 77 71 10 98 34 34 83 13 
74 13 2 66 92 75 78 58 45 91 16 33 34 74 70 10 1 52 14 87 48 89 37 80 3 88 16 83 80 62 51 58 5 68 7 17 59 9 92 95 67 43 3 91 78 9 70 95 49 11 18 53 94 28 32 10 67 78 98 55 94 72 28 10 42 12 51 21 79 94 48 5 69 90 35 97 44 94 68 15 47 49 91 2 67 18 56 97 54 28 1 97 95 66 8 40 100 44 59 76 
31 32 90 15 92 75 41 29 42 73 82 69 44 13 75 91 67 57 58 56 62 11 52 38 62 85 42 70 86 88 1 28 69 71 25 3 75 8 94 42 3 17 29 97 67 33 44 41 66 44 68 7 11 27 85 42 88 33 24 84 75 30 50 57 25 12 51 82 34 90 80 74 62 72 17 15 50 54 28 24 69 21 52 100 71 19 72 40 93 39 72 23 83 11 81 25 19 32 3 52 
73 94 6 18 80 18 5 66 76 75 100 21 35 59 18 75 95 25 0 58 18 23 28 0 6 60 43 38 20 33 72 83 72 99 63 81 63 77 74 53 90 87 2 30 11 46 32 99 68 92 3 41 43 96 69 68 48 41 61 12 1 48 3 23 51 57 30 54 9 59 72 73 59 54 56 16 72 79 44 40 72 91 1 70 70 10 35 8 95 18 58 8 79 5 97 23 9 56 6 96 
39 10 60 2 10 46 16 86 3 4 87 71 51 7 66 47 68 86 12 74 25 31 27 19 36 21 51 65 68 73 65 97 80 83 64 40 17 16 24 72 54 77 77 87 71 58 34 73 35 2 40 33 66 71 61 78 66 32 66 43 55 33 54 40 18 46 79 5 63 41 72 67 40 28 75 63 78 40 81 52 4 42 33 73 41 22 54 36 27 69 59 51 21 98 66 48 8 70 96 93 
80 63 44 23 41 97 41 61 10 2 47 54 93 86 91 91 25 5 20 69 55 87 44 9 72 26 45 56 34 29 94 76 40 20 50 53 23 11 35 28 78 58 72 56 38 15 5 47 75 96 42 0 32 91 38 73 64 33 53 71 78 59 28 42 98 71 58 52 66 75 43 21 30 74 35 92 94 48 53 84 92 93 93 23 77 49 55 11 50 76 69 70 62 76 6 48 93 92 19 68 
69 46 72 74 95 30 22 41 11 11 100 15 9 34 78 22 46 53 39 75 52 55 51 64 40 57 97 91 37 22 50 9 34 29 5 57 75 80 10 73 63 49 33 73 33 34 42 84 27 15 75 16 75 57 15 19 12 76 31 53 56 50 48 70 59 84 25 82 64 84 30 29 40 22 43 56 73 79 88 8 52 69 18 78 68 59 73 10 48 54 62 0 1 36 76 97 17 30 76 72 
23 63 35 93 79 24 1 42 22 80 72 30 84 71 61 59 23 49 100 85 11 24 15 100 72 82 92 42 52 76 26 95 8 11 42 87 11 43 67 78 29 37 41 12 28 54 77 47 59 59 80 34 53 47 8 14 61 0 53 96 66 27 71 20 2 12 44 59 77 30 10 58 60 1 16 82 12 78 75 72 37 78 4 98 60 87 86 41 34 40 12 94 18 99 75 100 87 55 18 53 
18 80 30 51 46 57 63 48 5 55 32 18 66 66 21 51 72 84 24 83 70 69 88 25 1 64 25 50 48 14 83 50 93 98 81 70 3 3 82 32 65 74 85 21 20 22 2 15 17 31 34 75 36 8 19 79 33 55 59 18 50 72 51 96 18 79 58 62 92 55 22 67 33 70 68 96 2 21 69 30 87 25 18 78 84 95 5 72 48 47 13 64 4 82 38 79 19 58 72 4 
46 71 87 92 25 55 2 57 48 90 79 75 69 4 4 0 50 62 43 57 46 65 55 7 63 68 65 68 75 16 5 23 81 38 42 45 50 78 91 52 41 51 33 20 76 85 87 45 60 23 72 27 67 40 31 93 12 89 1 99 36 19 96 47 51 76 13 18 12 19 83 76 88 83 31 89 62 80 100 93 43 93 73 26 48 36 54 20 6 68 38 62 82 1 12 92 37 24 56 50 
19 62 16 59 19 2 27 29 53 30 86 48 77 26 85 15 99 30 38 19 77 88 14 27 59 52 58 41 44 21 85 46 36 74 94 24 44 52 21 82 33 60 49 94 82 42 11 100 70 38 99 33 74 62 16 52 91 79 44 43 78 80 73 28 29 76 9 61 93 55 40 20 51 62 32 65 76 19 26 49 27 56 23 26 22 15 62 2 31 0 80 27 79 66 83 1 86 21 39 48 
97 50 90 56 56 0 37 17 38 63 56 19 80 78 48 4 61 2 96 40 56 50 75 98 74 25 39 47 77 33 96 78 20 61 1 42 63 65 42 99 44 62 36 89 12 49 65 4 53 40 66 89 50 8 74 82 73 13 98 32 65 86 83 14 99 88 94 41 9 18 59 84 45 59 27 44 6 12 60 31 15 56 39 31 7 67 49 70 54 67 87 75 41 13 68 11 10 37 43 25 
62 70 99 59 99 70 45 55 63 9 34 65 79 37 75 26 12 13 64 95 67 0 44 28 79 85 10 83 91 71 46 39 40 59 67 66 17 67 5 11 28 24 26 2 62 3 98 41 75 11 3 90 58 69 38 31 99 69 41 95 98 70 21 27 61 36 44 2 67 34 40 75 27 14 71 84 87 51 36 62 23 96 0 58 89 35 32 19 76 55 95 98 5 9 79 11 33 71 49 67 
